algo,arch,m,k,n,meta_block_sz,block_sz,nn_row,mm_col,density,bm,bn,bk,wm,wn,wk,mm,mn,mk,nstage,spmm_time,gemm_time,speedup,error
4,sm_89,256,256,256,0,1,0,0,0.5,0,0,0,0,0,0,0,0,0,0,0.00610294,0.00425472,0.697159,0
4,sm_89,256,512,256,0,1,0,0,0.5,0,0,0,0,0,0,0,0,0,0,0.0080113,0.00552538,0.689698,0
4,sm_89,256,1024,256,0,1,0,0,0.5,0,0,0,0,0,0,0,0,0,0,0.0102788,0.00631053,0.613937,0
4,sm_89,256,2048,256,0,1,0,0,0.5,0,0,0,0,0,0,0,0,0,0,0.0158258,0.00978125,0.618059,0
4,sm_89,256,4096,256,0,1,0,0,0.5,0,0,0,0,0,0,0,0,0,0,0.0264997,0.0125254,0.472661,0
4,sm_89,256,8192,256,0,1,0,0,0.5,0,0,0,0,0,0,0,0,0,0,0.0497163,0.0218621,0.439738,0
4,sm_89,256,16384,256,0,1,0,0,0.5,0,0,0,0,0,0,0,0,0,0,0.0926518,0.0407499,0.439818,0
4,sm_89,256,256,512,0,1,0,0,0.5,0,0,0,0,0,0,0,0,0,0,0.00579936,0.00466669,0.80469,0
4,sm_89,256,512,512,0,1,0,0,0.5,0,0,0,0,0,0,0,0,0,0,0.00756854,0.00589072,0.778316,0
4,sm_89,256,1024,512,0,1,0,0,0.5,0,0,0,0,0,0,0,0,0,0,0.00984566,0.00849597,0.862915,0
4,sm_89,256,2048,512,0,1,0,0,0.5,0,0,0,0,0,0,0,0,0,0,0.0158098,0.0117325,0.742104,0
4,sm_89,256,4096,512,0,1,0,0,0.5,0,0,0,0,0,0,0,0,0,0,0.0266467,0.0249376,0.935861,0
4,sm_89,256,8192,512,0,1,0,0,0.5,0,0,0,0,0,0,0,0,0,0,0.0493882,0.0372475,0.754179,0
4,sm_89,256,16384,512,0,1,0,0,0.5,0,0,0,0,0,0,0,0,0,0,0.087845,0.0490036,0.557842,0
4,sm_89,256,256,1024,0,1,0,0,0.5,0,0,0,0,0,0,0,0,0,0,0.00587386,0.00561648,0.956183,0
4,sm_89,256,512,1024,0,1,0,0,0.5,0,0,0,0,0,0,0,0,0,0,0.00771584,0.00674579,0.874278,0
4,sm_89,256,1024,1024,0,1,0,0,0.5,0,0,0,0,0,0,0,0,0,0,0.00993293,0.0105515,1.06227,0
4,sm_89,256,2048,1024,0,1,0,0,0.5,0,0,0,0,0,0,0,0,0,0,0.0159673,0.01829,1.14546,0
4,sm_89,256,4096,1024,0,1,0,0,0.5,0,0,0,0,0,0,0,0,0,0,0.0279501,0.0291292,1.04219,0
4,sm_89,256,8192,1024,0,1,0,0,0.5,0,0,0,0,0,0,0,0,0,0,0.0497023,0.0455474,0.916405,0
4,sm_89,256,16384,1024,0,1,0,0,0.5,0,0,0,0,0,0,0,0,0,0,0.0926058,0.0771284,0.832867,0
4,sm_89,256,256,2048,0,1,0,0,0.5,0,0,0,0,0,0,0,0,0,0,0.00678848,0.00666714,0.982125,0
4,sm_89,256,512,2048,0,1,0,0,0.5,0,0,0,0,0,0,0,0,0,0,0.00857021,0.00917366,1.07041,0
4,sm_89,256,1024,2048,0,1,0,0,0.5,0,0,0,0,0,0,0,0,0,0,0.0121097,0.0144655,1.19454,0
4,sm_89,256,2048,2048,0,1,0,0,0.5,0,0,0,0,0,0,0,0,0,0,0.0215277,0.0268595,1.24767,0
4,sm_89,256,4096,2048,0,1,0,0,0.5,0,0,0,0,0,0,0,0,0,0,0.0372828,0.0498654,1.33749,0
4,sm_89,256,8192,2048,0,1,0,0,0.5,0,0,0,0,0,0,0,0,0,0,0.069678,0.0903988,1.29738,0
4,sm_89,256,16384,2048,0,1,0,0,0.5,0,0,0,0,0,0,0,0,0,0,0.138901,0.14824,1.06723,0
4,sm_89,256,256,4096,0,1,0,0,0.5,0,0,0,0,0,0,0,0,0,0,0.00881382,0.0116041,1.31658,0
4,sm_89,256,512,4096,0,1,0,0,0.5,0,0,0,0,0,0,0,0,0,0,0.0124563,0.0147218,1.18188,0
4,sm_89,256,1024,4096,0,1,0,0,0.5,0,0,0,0,0,0,0,0,0,0,0.0227429,0.0311447,1.36942,0
4,sm_89,256,2048,4096,0,1,0,0,0.5,0,0,0,0,0,0,0,0,0,0,0.0383161,0.0554254,1.44653,0
4,sm_89,256,4096,4096,0,1,0,0,0.5,0,0,0,0,0,0,0,0,0,0,0.0656398,0.0920274,1.40201,0
4,sm_89,256,8192,4096,0,1,0,0,0.5,0,0,0,0,0,0,0,0,0,0,0.123591,0.177229,1.434,0
4,sm_89,256,16384,4096,0,1,0,0,0.5,0,0,0,0,0,0,0,0,0,0,0.237914,0.348896,1.46648,0
4,sm_89,256,256,8192,0,1,0,0,0.5,0,0,0,0,0,0,0,0,0,0,0.0162152,0.0176682,1.0896,0
4,sm_89,256,512,8192,0,1,0,0,0.5,0,0,0,0,0,0,0,0,0,0,0.0239671,0.0246937,1.03032,0
4,sm_89,256,1024,8192,0,1,0,0,0.5,0,0,0,0,0,0,0,0,0,0,0.0379884,0.0425249,1.11942,0
4,sm_89,256,2048,8192,0,1,0,0,0.5,0,0,0,0,0,0,0,0,0,0,0.0629654,0.102595,1.62939,0
4,sm_89,256,4096,8192,0,1,0,0,0.5,0,0,0,0,0,0,0,0,0,0,0.111105,0.18882,1.69948,0
4,sm_89,256,8192,8192,0,1,0,0,0.5,0,0,0,0,0,0,0,0,0,0,0.208105,0.338712,1.6276,0
4,sm_89,256,16384,8192,0,1,0,0,0.5,0,0,0,0,0,0,0,0,0,0,0.401893,0.551747,1.37287,0
4,sm_89,256,256,16384,0,1,0,0,0.5,0,0,0,0,0,0,0,0,0,0,0.0328772,0.0345462,1.05077,0
4,sm_89,256,512,16384,0,1,0,0,0.5,0,0,0,0,0,0,0,0,0,0,0.0462695,0.0530868,1.14734,0
4,sm_89,256,1024,16384,0,1,0,0,0.5,0,0,0,0,0,0,0,0,0,0,0.0739021,0.0888736,1.20259,0
4,sm_89,256,2048,16384,0,1,0,0,0.5,0,0,0,0,0,0,0,0,0,0,0.125033,0.165129,1.32068,0
4,sm_89,256,4096,16384,0,1,0,0,0.5,0,0,0,0,0,0,0,0,0,0,0.225908,0.315248,1.39547,0
4,sm_89,256,8192,16384,0,1,0,0,0.5,0,0,0,0,0,0,0,0,0,0,0.428468,0.616666,1.43923,0
4,sm_89,256,16384,16384,0,1,0,0,0.5,0,0,0,0,0,0,0,0,0,0,0.830334,1.37126,1.65146,0
4,sm_89,512,256,256,0,1,0,0,0.5,0,0,0,0,0,0,0,0,0,0,0.00579024,0.00461693,0.797364,0
4,sm_89,512,512,256,0,1,0,0,0.5,0,0,0,0,0,0,0,0,0,0,0.00754019,0.00587994,0.779813,0
4,sm_89,512,1024,256,0,1,0,0,0.5,0,0,0,0,0,0,0,0,0,0,0.00974765,0.00847101,0.869031,0
4,sm_89,512,2048,256,0,1,0,0,0.5,0,0,0,0,0,0,0,0,0,0,0.0156838,0.0118511,0.755628,0
4,sm_89,512,4096,256,0,1,0,0,0.5,0,0,0,0,0,0,0,0,0,0,0.0265206,0.0188608,0.711175,0
4,sm_89,512,8192,256,0,1,0,0,0.5,0,0,0,0,0,0,0,0,0,0,0.0494181,0.0302858,0.612848,0
4,sm_89,512,16384,256,0,1,0,0,0.5,0,0,0,0,0,0,0,0,0,0,0.0926909,0.0509605,0.54979,0
4,sm_89,512,256,512,0,1,0,0,0.5,0,0,0,0,0,0,0,0,0,0,0.00594518,0.00521229,0.876724,0
4,sm_89,512,512,512,0,1,0,0,0.5,0,0,0,0,0,0,0,0,0,0,0.00766317,0.00662813,0.864933,0
4,sm_89,512,1024,512,0,1,0,0,0.5,0,0,0,0,0,0,0,0,0,0,0.00974275,0.00994954,1.02122,0
4,sm_89,512,2048,512,0,1,0,0,0.5,0,0,0,0,0,0,0,0,0,0,0.0158202,0.017289,1.09284,0
4,sm_89,512,4096,512,0,1,0,0,0.5,0,0,0,0,0,0,0,0,0,0,0.0277764,0.0323066,1.1631,0
4,sm_89,512,8192,512,0,1,0,0,0.5,0,0,0,0,0,0,0,0,0,0,0.0496101,0.0492806,0.993359,0
4,sm_89,512,16384,512,0,1,0,0,0.5,0,0,0,0,0,0,0,0,0,0,0.0928243,0.0923739,0.995148,0
4,sm_89,512,256,1024,0,1,0,0,0.5,0,0,0,0,0,0,0,0,0,0,0.00629782,0.0064359,1.02193,0
4,sm_89,512,512,1024,0,1,0,0,0.5,0,0,0,0,0,0,0,0,0,0,0.00834176,0.0090591,1.08599,0
4,sm_89,512,1024,1024,0,1,0,0,0.5,0,0,0,0,0,0,0,0,0,0,0.0115976,0.0140385,1.21047,0
4,sm_89,512,2048,1024,0,1,0,0,0.5,0,0,0,0,0,0,0,0,0,0,0.0200574,0.0264087,1.31666,0
4,sm_89,512,4096,1024,0,1,0,0,0.5,0,0,0,0,0,0,0,0,0,0,0.0356417,0.0489797,1.37422,0
4,sm_89,512,8192,1024,0,1,0,0,0.5,0,0,0,0,0,0,0,0,0,0,0.066252,0.0888121,1.34052,0
4,sm_89,512,16384,1024,0,1,0,0,0.5,0,0,0,0,0,0,0,0,0,0,0.132626,0.173461,1.3079,0
4,sm_89,512,256,2048,0,1,0,0,0.5,0,0,0,0,0,0,0,0,0,0,0.00866784,0.0122948,1.41844,0
4,sm_89,512,512,2048,0,1,0,0,0.5,0,0,0,0,0,0,0,0,0,0,0.0116374,0.0189495,1.62833,0
4,sm_89,512,1024,2048,0,1,0,0,0.5,0,0,0,0,0,0,0,0,0,0,0.0189869,0.0336934,1.77456,0
4,sm_89,512,2048,2048,0,1,0,0,0.5,0,0,0,0,0,0,0,0,0,0,0.0349488,0.062931,1.80066,0
4,sm_89,512,4096,2048,0,1,0,0,0.5,0,0,0,0,0,0,0,0,0,0,0.06171,0.0924669,1.49841,0
4,sm_89,512,8192,2048,0,1,0,0,0.5,0,0,0,0,0,0,0,0,0,0,0.114741,0.169064,1.47344,0
4,sm_89,512,16384,2048,0,1,0,0,0.5,0,0,0,0,0,0,0,0,0,0,0.224598,0.304538,1.35593,0
4,sm_89,512,256,4096,0,1,0,0,0.5,0,0,0,0,0,0,0,0,0,0,0.0133987,0.0147399,1.1001,0
4,sm_89,512,512,4096,0,1,0,0,0.5,0,0,0,0,0,0,0,0,0,0,0.0190779,0.0242393,1.27054,0
4,sm_89,512,1024,4096,0,1,0,0,0.5,0,0,0,0,0,0,0,0,0,0,0.0290746,0.0424208,1.45904,0
4,sm_89,512,2048,4096,0,1,0,0,0.5,0,0,0,0,0,0,0,0,0,0,0.0490478,0.0814067,1.65974,0
4,sm_89,512,4096,4096,0,1,0,0,0.5,0,0,0,0,0,0,0,0,0,0,0.0886836,0.153143,1.72685,0
4,sm_89,512,8192,4096,0,1,0,0,0.5,0,0,0,0,0,0,0,0,0,0,0.168507,0.301434,1.78885,0
4,sm_89,512,16384,4096,0,1,0,0,0.5,0,0,0,0,0,0,0,0,0,0,0.32934,0.598006,1.81577,0
4,sm_89,512,256,8192,0,1,0,0,0.5,0,0,0,0,0,0,0,0,0,0,0.0285784,0.0355621,1.24437,0
4,sm_89,512,512,8192,0,1,0,0,0.5,0,0,0,0,0,0,0,0,0,0,0.0369096,0.0532285,1.44213,0
4,sm_89,512,1024,8192,0,1,0,0,0.5,0,0,0,0,0,0,0,0,0,0,0.0571432,0.0865893,1.5153,0
4,sm_89,512,2048,8192,0,1,0,0,0.5,0,0,0,0,0,0,0,0,0,0,0.0994478,0.16163,1.62527,0
4,sm_89,512,4096,8192,0,1,0,0,0.5,0,0,0,0,0,0,0,0,0,0,0.18597,0.294995,1.58625,0
4,sm_89,512,8192,8192,0,1,0,0,0.5,0,0,0,0,0,0,0,0,0,0,0.35805,0.737426,2.05956,0
4,sm_89,512,16384,8192,0,1,0,0,0.5,0,0,0,0,0,0,0,0,0,0,0.698455,1.47182,2.10726,0
4,sm_89,512,256,16384,0,1,0,0,0.5,0,0,0,0,0,0,0,0,0,0,0.0571739,0.0691793,1.20998,0
4,sm_89,512,512,16384,0,1,0,0,0.5,0,0,0,0,0,0,0,0,0,0,0.0741819,0.104823,1.41305,0
4,sm_89,512,1024,16384,0,1,0,0,0.5,0,0,0,0,0,0,0,0,0,0,0.116225,0.166326,1.43108,0
4,sm_89,512,2048,16384,0,1,0,0,0.5,0,0,0,0,0,0,0,0,0,0,0.202009,0.34834,1.72438,0
4,sm_89,512,4096,16384,0,1,0,0,0.5,0,0,0,0,0,0,0,0,0,0,0.37378,0.693262,1.85473,0
4,sm_89,512,8192,16384,0,1,0,0,0.5,0,0,0,0,0,0,0,0,0,0,0.724801,1.35634,1.87133,0
4,sm_89,512,16384,16384,0,1,0,0,0.5,0,0,0,0,0,0,0,0,0,0,1.4356,2.68666,1.87146,0
4,sm_89,1024,256,256,0,1,0,0,0.5,0,0,0,0,0,0,0,0,0,0,0.00593027,0.00531248,0.895824,0
4,sm_89,1024,512,256,0,1,0,0,0.5,0,0,0,0,0,0,0,0,0,0,0.00725168,0.00670182,0.924175,0
4,sm_89,1024,1024,256,0,1,0,0,0.5,0,0,0,0,0,0,0,0,0,0,0.00995661,0.010309,1.03539,0
4,sm_89,1024,2048,256,0,1,0,0,0.5,0,0,0,0,0,0,0,0,0,0,0.0157712,0.0177035,1.12252,0
4,sm_89,1024,4096,256,0,1,0,0,0.5,0,0,0,0,0,0,0,0,0,0,0.0276961,0.0323855,1.16932,0
4,sm_89,1024,8192,256,0,1,0,0,0.5,0,0,0,0,0,0,0,0,0,0,0.0493632,0.050887,1.03087,0
4,sm_89,1024,16384,256,0,1,0,0,0.5,0,0,0,0,0,0,0,0,0,0,0.0927845,0.0864616,0.931854,0
4,sm_89,1024,256,512,0,1,0,0,0.5,0,0,0,0,0,0,0,0,0,0,0.00636528,0.00628835,0.987914,0
4,sm_89,1024,512,512,0,1,0,0,0.5,0,0,0,0,0,0,0,0,0,0,0.00842598,0.00864006,1.02541,0
4,sm_89,1024,1024,512,0,1,0,0,0.5,0,0,0,0,0,0,0,0,0,0,0.0122546,0.0137357,1.12086,0
4,sm_89,1024,2048,512,0,1,0,0,0.5,0,0,0,0,0,0,0,0,0,0,0.01938,0.0262894,1.35652,0
4,sm_89,1024,4096,512,0,1,0,0,0.5,0,0,0,0,0,0,0,0,0,0,0.0351084,0.0489828,1.39519,0
4,sm_89,1024,8192,512,0,1,0,0,0.5,0,0,0,0,0,0,0,0,0,0,0.0660055,0.0846577,1.28259,0
4,sm_89,1024,16384,512,0,1,0,0,0.5,0,0,0,0,0,0,0,0,0,0,0.131261,0.176142,1.34192,0
4,sm_89,1024,256,1024,0,1,0,0,0.5,0,0,0,0,0,0,0,0,0,0,0.00874813,0.00990157,1.13185,0
4,sm_89,1024,512,1024,0,1,0,0,0.5,0,0,0,0,0,0,0,0,0,0,0.011821,0.0132356,1.11967,0
4,sm_89,1024,1024,1024,0,1,0,0,0.5,0,0,0,0,0,0,0,0,0,0,0.0168336,0.0224176,1.33172,0
4,sm_89,1024,2048,1024,0,1,0,0,0.5,0,0,0,0,0,0,0,0,0,0,0.0345825,0.0429341,1.2415,0
4,sm_89,1024,4096,1024,0,1,0,0,0.5,0,0,0,0,0,0,0,0,0,0,0.0618444,0.080136,1.29577,0
4,sm_89,1024,8192,1024,0,1,0,0,0.5,0,0,0,0,0,0,0,0,0,0,0.114026,0.15426,1.35285,0
4,sm_89,1024,16384,1024,0,1,0,0,0.5,0,0,0,0,0,0,0,0,0,0,0.223073,0.305149,1.36793,0
4,sm_89,1024,256,2048,0,1,0,0,0.5,0,0,0,0,0,0,0,0,0,0,0.0125065,0.0164372,1.3143,0
4,sm_89,1024,512,2048,0,1,0,0,0.5,0,0,0,0,0,0,0,0,0,0,0.0179288,0.0264666,1.47621,0
4,sm_89,1024,1024,2048,0,1,0,0,0.5,0,0,0,0,0,0,0,0,0,0,0.0268147,0.0423001,1.5775,0
4,sm_89,1024,2048,2048,0,1,0,0,0.5,0,0,0,0,0,0,0,0,0,0,0.0470388,0.0805839,1.71314,0
4,sm_89,1024,4096,2048,0,1,0,0,0.5,0,0,0,0,0,0,0,0,0,0,0.0844565,0.151763,1.79694,0
4,sm_89,1024,8192,2048,0,1,0,0,0.5,0,0,0,0,0,0,0,0,0,0,0.16468,0.298396,1.81198,0
4,sm_89,1024,16384,2048,0,1,0,0,0.5,0,0,0,0,0,0,0,0,0,0,0.326187,0.563444,1.72736,0
4,sm_89,1024,256,4096,0,1,0,0,0.5,0,0,0,0,0,0,0,0,0,0,0.0282794,0.031383,1.10975,0
4,sm_89,1024,512,4096,0,1,0,0,0.5,0,0,0,0,0,0,0,0,0,0,0.037454,0.0495145,1.32201,0
4,sm_89,1024,1024,4096,0,1,0,0,0.5,0,0,0,0,0,0,0,0,0,0,0.0544763,0.085853,1.57597,0
4,sm_89,1024,2048,4096,0,1,0,0,0.5,0,0,0,0,0,0,0,0,0,0,0.0967612,0.173588,1.79399,0
4,sm_89,1024,4096,4096,0,1,0,0,0.5,0,0,0,0,0,0,0,0,0,0,0.181018,0.321865,1.77808,0
4,sm_89,1024,8192,4096,0,1,0,0,0.5,0,0,0,0,0,0,0,0,0,0,0.350607,0.629929,1.79668,0
4,sm_89,1024,16384,4096,0,1,0,0,0.5,0,0,0,0,0,0,0,0,0,0,0.692041,1.05996,1.53165,0
4,sm_89,1024,256,8192,0,1,0,0,0.5,0,0,0,0,0,0,0,0,0,0,0.0577118,0.064244,1.11319,0
4,sm_89,1024,512,8192,0,1,0,0,0.5,0,0,0,0,0,0,0,0,0,0,0.0758904,0.0990539,1.30522,0
4,sm_89,1024,1024,8192,0,1,0,0,0.5,0,0,0,0,0,0,0,0,0,0,0.11188,0.166354,1.48689,0
4,sm_89,1024,2048,8192,0,1,0,0,0.5,0,0,0,0,0,0,0,0,0,0,0.19577,0.311577,1.59154,0
4,sm_89,1024,4096,8192,0,1,0,0,0.5,0,0,0,0,0,0,0,0,0,0,0.362144,0.599301,1.65487,0
4,sm_89,1024,8192,8192,0,1,0,0,0.5,0,0,0,0,0,0,0,0,0,0,0.702104,1.17761,1.67726,0
4,sm_89,1024,16384,8192,0,1,0,0,0.5,0,0,0,0,0,0,0,0,0,0,1.41378,2.34365,1.65771,0
4,sm_89,1024,256,16384,0,1,0,0,0.5,0,0,0,0,0,0,0,0,0,0,0.104819,0.114752,1.09476,0
4,sm_89,1024,512,16384,0,1,0,0,0.5,0,0,0,0,0,0,0,0,0,0,0.136795,0.180105,1.31661,0
4,sm_89,1024,1024,16384,0,1,0,0,0.5,0,0,0,0,0,0,0,0,0,0,0.202927,0.298286,1.46992,0
4,sm_89,1024,2048,16384,0,1,0,0,0.5,0,0,0,0,0,0,0,0,0,0,0.355245,0.565062,1.59063,0
4,sm_89,1024,4096,16384,0,1,0,0,0.5,0,0,0,0,0,0,0,0,0,0,0.666009,1.10732,1.66263,0
4,sm_89,1024,8192,16384,0,1,0,0,0.5,0,0,0,0,0,0,0,0,0,0,1.31455,2.23492,1.70014,0
4,sm_89,1024,16384,16384,0,1,0,0,0.5,0,0,0,0,0,0,0,0,0,0,2.66056,4.45453,1.67428,0
4,sm_89,2048,256,256,0,1,0,0,0.5,0,0,0,0,0,0,0,0,0,0,0.00631885,0.00640339,1.01338,0
4,sm_89,2048,512,256,0,1,0,0,0.5,0,0,0,0,0,0,0,0,0,0,0.00833398,0.00912259,1.09463,0
4,sm_89,2048,1024,256,0,1,0,0,0.5,0,0,0,0,0,0,0,0,0,0,0.0122628,0.0144883,1.18148,0
4,sm_89,2048,2048,256,0,1,0,0,0.5,0,0,0,0,0,0,0,0,0,0,0.020622,0.0261976,1.27037,0
4,sm_89,2048,4096,256,0,1,0,0,0.5,0,0,0,0,0,0,0,0,0,0,0.0358921,0.0488376,1.36068,0
4,sm_89,2048,8192,256,0,1,0,0,0.5,0,0,0,0,0,0,0,0,0,0,0.0681257,0.0955186,1.40209,0
4,sm_89,2048,16384,256,0,1,0,0,0.5,0,0,0,0,0,0,0,0,0,0,0.131398,0.171716,1.30683,0
4,sm_89,2048,256,512,0,1,0,0,0.5,0,0,0,0,0,0,0,0,0,0,0.00864896,0.00901709,1.04256,0
4,sm_89,2048,512,512,0,1,0,0,0.5,0,0,0,0,0,0,0,0,0,0,0.0114114,0.0134871,1.1819,0
4,sm_89,2048,1024,512,0,1,0,0,0.5,0,0,0,0,0,0,0,0,0,0,0.0167059,0.0234032,1.40089,0
4,sm_89,2048,2048,512,0,1,0,0,0.5,0,0,0,0,0,0,0,0,0,0,0.0359852,0.0438321,1.21806,0
4,sm_89,2048,4096,512,0,1,0,0,0.5,0,0,0,0,0,0,0,0,0,0,0.0641888,0.0813903,1.26798,0
4,sm_89,2048,8192,512,0,1,0,0,0.5,0,0,0,0,0,0,0,0,0,0,0.118889,0.173299,1.45765,0
4,sm_89,2048,16384,512,0,1,0,0,0.5,0,0,0,0,0,0,0,0,0,0,0.235057,0.327318,1.39251,0
4,sm_89,2048,256,1024,0,1,0,0,0.5,0,0,0,0,0,0,0,0,0,0,0.0128516,0.0146162,1.1373,0
4,sm_89,2048,512,1024,0,1,0,0,0.5,0,0,0,0,0,0,0,0,0,0,0.017507,0.0239352,1.36718,0
4,sm_89,2048,1024,1024,0,1,0,0,0.5,0,0,0,0,0,0,0,0,0,0,0.0274541,0.0422707,1.53969,0
4,sm_89,2048,2048,1024,0,1,0,0,0.5,0,0,0,0,0,0,0,0,0,0,0.0476143,0.0810525,1.70227,0
4,sm_89,2048,4096,1024,0,1,0,0,0.5,0,0,0,0,0,0,0,0,0,0,0.0854596,0.151393,1.77151,0
4,sm_89,2048,8192,1024,0,1,0,0,0.5,0,0,0,0,0,0,0,0,0,0,0.166821,0.295536,1.77157,0
4,sm_89,2048,16384,1024,0,1,0,0,0.5,0,0,0,0,0,0,0,0,0,0,0.325419,0.586699,1.8029,0
4,sm_89,2048,256,2048,0,1,0,0,0.5,0,0,0,0,0,0,0,0,0,0,0.028233,0.0308445,1.0925,0
4,sm_89,2048,512,2048,0,1,0,0,0.5,0,0,0,0,0,0,0,0,0,0,0.0375899,0.0525549,1.39811,0
4,sm_89,2048,1024,2048,0,1,0,0,0.5,0,0,0,0,0,0,0,0,0,0,0.0556317,0.0905375,1.62745,0
4,sm_89,2048,2048,2048,0,1,0,0,0.5,0,0,0,0,0,0,0,0,0,0,0.0974207,0.173409,1.78,0
4,sm_89,2048,4096,2048,0,1,0,0,0.5,0,0,0,0,0,0,0,0,0,0,0.182064,0.324507,1.78237,0
4,sm_89,2048,8192,2048,0,1,0,0,0.5,0,0,0,0,0,0,0,0,0,0,0.353162,0.625957,1.77244,0
4,sm_89,2048,16384,2048,0,1,0,0,0.5,0,0,0,0,0,0,0,0,0,0,0.700936,1.20457,1.71852,0
4,sm_89,2048,256,4096,0,1,0,0,0.5,0,0,0,0,0,0,0,0,0,0,0.052703,0.0700339,1.32884,0
4,sm_89,2048,512,4096,0,1,0,0,0.5,0,0,0,0,0,0,0,0,0,0,0.0754691,0.097462,1.29142,0
4,sm_89,2048,1024,4096,0,1,0,0,0.5,0,0,0,0,0,0,0,0,0,0,0.110847,0.165733,1.49515,0
4,sm_89,2048,2048,4096,0,1,0,0,0.5,0,0,0,0,0,0,0,0,0,0,0.192767,0.318417,1.65182,0
4,sm_89,2048,4096,4096,0,1,0,0,0.5,0,0,0,0,0,0,0,0,0,0,0.361062,0.630737,1.74689,0
4,sm_89,2048,8192,4096,0,1,0,0,0.5,0,0,0,0,0,0,0,0,0,0,0.701435,1.24527,1.77532,0
4,sm_89,2048,16384,4096,0,1,0,0,0.5,0,0,0,0,0,0,0,0,0,0,1.43604,2.48265,1.72882,0
4,sm_89,2048,256,8192,0,1,0,0,0.5,0,0,0,0,0,0,0,0,0,0,0.100029,0.126039,1.26002,0
4,sm_89,2048,512,8192,0,1,0,0,0.5,0,0,0,0,0,0,0,0,0,0,0.140455,0.189185,1.34694,0
4,sm_89,2048,1024,8192,0,1,0,0,0.5,0,0,0,0,0,0,0,0,0,0,0.206036,0.316571,1.53648,0
4,sm_89,2048,2048,8192,0,1,0,0,0.5,0,0,0,0,0,0,0,0,0,0,0.354921,0.614933,1.73259,0
4,sm_89,2048,4096,8192,0,1,0,0,0.5,0,0,0,0,0,0,0,0,0,0,0.667417,1.20916,1.8117,0
4,sm_89,2048,8192,8192,0,1,0,0,0.5,0,0,0,0,0,0,0,0,0,0,1.32822,2.38162,1.79309,0
4,sm_89,2048,16384,8192,0,1,0,0,0.5,0,0,0,0,0,0,0,0,0,0,2.70171,4.77138,1.76606,0
4,sm_89,2048,256,16384,0,1,0,0,0.5,0,0,0,0,0,0,0,0,0,0,0.194879,0.234421,1.20291,0
4,sm_89,2048,512,16384,0,1,0,0,0.5,0,0,0,0,0,0,0,0,0,0,0.262103,0.356002,1.35825,0
4,sm_89,2048,1024,16384,0,1,0,0,0.5,0,0,0,0,0,0,0,0,0,0,0.392803,0.619422,1.57693,0
4,sm_89,2048,2048,16384,0,1,0,0,0.5,0,0,0,0,0,0,0,0,0,0,0.684727,1.09226,1.59518,0
4,sm_89,2048,4096,16384,0,1,0,0,0.5,0,0,0,0,0,0,0,0,0,0,1.30135,2.15203,1.65369,0
4,sm_89,2048,8192,16384,0,1,0,0,0.5,0,0,0,0,0,0,0,0,0,0,2.63713,4.17766,1.58417,0
4,sm_89,2048,16384,16384,0,1,0,0,0.5,0,0,0,0,0,0,0,0,0,0,5.26694,8.27185,1.57052,0
4,sm_89,4096,256,256,0,1,0,0,0.5,0,0,0,0,0,0,0,0,0,0,0.00867869,0.0101723,1.1721,0
4,sm_89,4096,512,256,0,1,0,0,0.5,0,0,0,0,0,0,0,0,0,0,0.0115606,0.0146724,1.26917,0
4,sm_89,4096,1024,256,0,1,0,0,0.5,0,0,0,0,0,0,0,0,0,0,0.0204221,0.0242505,1.18746,0
4,sm_89,4096,2048,256,0,1,0,0,0.5,0,0,0,0,0,0,0,0,0,0,0.0365416,0.0439678,1.20323,0
4,sm_89,4096,4096,256,0,1,0,0,0.5,0,0,0,0,0,0,0,0,0,0,0.0666564,0.0824871,1.2375,0
4,sm_89,4096,8192,256,0,1,0,0,0.5,0,0,0,0,0,0,0,0,0,0,0.12906,0.160639,1.24468,0
4,sm_89,4096,16384,256,0,1,0,0,0.5,0,0,0,0,0,0,0,0,0,0,0.254276,0.316423,1.24441,0
4,sm_89,4096,256,512,0,1,0,0,0.5,0,0,0,0,0,0,0,0,0,0,0.0128236,0.01583,1.23445,0
4,sm_89,4096,512,512,0,1,0,0,0.5,0,0,0,0,0,0,0,0,0,0,0.0182251,0.024698,1.35517,0
4,sm_89,4096,1024,512,0,1,0,0,0.5,0,0,0,0,0,0,0,0,0,0,0.0302515,0.0424653,1.40375,0
4,sm_89,4096,2048,512,0,1,0,0,0.5,0,0,0,0,0,0,0,0,0,0,0.0500598,0.0841652,1.68129,0
4,sm_89,4096,4096,512,0,1,0,0,0.5,0,0,0,0,0,0,0,0,0,0,0.0902132,0.160654,1.78082,0
4,sm_89,4096,8192,512,0,1,0,0,0.5,0,0,0,0,0,0,0,0,0,0,0.169126,0.312173,1.8458,0
4,sm_89,4096,16384,512,0,1,0,0,0.5,0,0,0,0,0,0,0,0,0,0,0.326506,0.616115,1.88699,0
4,sm_89,4096,256,1024,0,1,0,0,0.5,0,0,0,0,0,0,0,0,0,0,0.0279004,0.0355892,1.27558,0
4,sm_89,4096,512,1024,0,1,0,0,0.5,0,0,0,0,0,0,0,0,0,0,0.0382289,0.04939,1.29196,0
4,sm_89,4096,1024,1024,0,1,0,0,0.5,0,0,0,0,0,0,0,0,0,0,0.0574481,0.0829976,1.44474,0
4,sm_89,4096,2048,1024,0,1,0,0,0.5,0,0,0,0,0,0,0,0,0,0,0.0977796,0.155083,1.58604,0
4,sm_89,4096,4096,1024,0,1,0,0,0.5,0,0,0,0,0,0,0,0,0,0,0.184028,0.295922,1.60802,0
4,sm_89,4096,8192,1024,0,1,0,0,0.5,0,0,0,0,0,0,0,0,0,0,0.360574,0.583638,1.61863,0
4,sm_89,4096,16384,1024,0,1,0,0,0.5,0,0,0,0,0,0,0,0,0,0,0.718046,1.15931,1.61453,0
4,sm_89,4096,256,2048,0,1,0,0,0.5,0,0,0,0,0,0,0,0,0,0,0.0495233,0.0554738,1.12016,0
4,sm_89,4096,512,2048,0,1,0,0,0.5,0,0,0,0,0,0,0,0,0,0,0.0762834,0.0991318,1.29952,0
4,sm_89,4096,1024,2048,0,1,0,0,0.5,0,0,0,0,0,0,0,0,0,0,0.111784,0.165878,1.48391,0
4,sm_89,4096,2048,2048,0,1,0,0,0.5,0,0,0,0,0,0,0,0,0,0,0.196911,0.317463,1.61222,0
4,sm_89,4096,4096,2048,0,1,0,0,0.5,0,0,0,0,0,0,0,0,0,0,0.369104,0.624791,1.69272,0
4,sm_89,4096,8192,2048,0,1,0,0,0.5,0,0,0,0,0,0,0,0,0,0,0.7226,1.16408,1.61096,0
4,sm_89,4096,16384,2048,0,1,0,0,0.5,0,0,0,0,0,0,0,0,0,0,1.45888,2.15434,1.47671,0
4,sm_89,4096,256,4096,0,1,0,0,0.5,0,0,0,0,0,0,0,0,0,0,0.0991437,0.126478,1.2757,0
4,sm_89,4096,512,4096,0,1,0,0,0.5,0,0,0,0,0,0,0,0,0,0,0.139269,0.175663,1.26132,0
4,sm_89,4096,1024,4096,0,1,0,0,0.5,0,0,0,0,0,0,0,0,0,0,0.20489,0.316448,1.54448,0
4,sm_89,4096,2048,4096,0,1,0,0,0.5,0,0,0,0,0,0,0,0,0,0,0.358758,0.571903,1.59412,0
4,sm_89,4096,4096,4096,0,1,0,0,0.5,0,0,0,0,0,0,0,0,0,0,0.674856,1.10241,1.63355,0
4,sm_89,4096,8192,4096,0,1,0,0,0.5,0,0,0,0,0,0,0,0,0,0,1.35467,2.38693,1.76201,0
4,sm_89,4096,16384,4096,0,1,0,0,0.5,0,0,0,0,0,0,0,0,0,0,2.71586,4.74788,1.74821,0
4,sm_89,4096,256,8192,0,1,0,0,0.5,0,0,0,0,0,0,0,0,0,0,0.188995,0.23859,1.26241,0
4,sm_89,4096,512,8192,0,1,0,0,0.5,0,0,0,0,0,0,0,0,0,0,0.266301,0.357212,1.34139,0
4,sm_89,4096,1024,8192,0,1,0,0,0.5,0,0,0,0,0,0,0,0,0,0,0.391143,0.621385,1.58864,0
4,sm_89,4096,2048,8192,0,1,0,0,0.5,0,0,0,0,0,0,0,0,0,0,0.692493,1.09044,1.57466,0
4,sm_89,4096,4096,8192,0,1,0,0,0.5,0,0,0,0,0,0,0,0,0,0,1.32693,2.11284,1.59228,0
4,sm_89,4096,8192,8192,0,1,0,0,0.5,0,0,0,0,0,0,0,0,0,0,2.6506,4.70028,1.77329,0
4,sm_89,4096,16384,8192,0,1,0,0,0.5,0,0,0,0,0,0,0,0,0,0,5.2879,9.32492,1.76345,0
4,sm_89,4096,256,16384,0,1,0,0,0.5,0,0,0,0,0,0,0,0,0,0,0.381809,0.437574,1.14605,0
4,sm_89,4096,512,16384,0,1,0,0,0.5,0,0,0,0,0,0,0,0,0,0,0.517881,0.691028,1.33434,0
4,sm_89,4096,1024,16384,0,1,0,0,0.5,0,0,0,0,0,0,0,0,0,0,0.762472,1.22976,1.61286,0
4,sm_89,4096,2048,16384,0,1,0,0,0.5,0,0,0,0,0,0,0,0,0,0,1.37416,2.11784,1.54119,0
4,sm_89,4096,4096,16384,0,1,0,0,0.5,0,0,0,0,0,0,0,0,0,0,2.69515,4.12302,1.52979,0
4,sm_89,4096,8192,16384,0,1,0,0,0.5,0,0,0,0,0,0,0,0,0,0,5.33487,8.13928,1.52567,0
4,sm_89,4096,16384,16384,0,1,0,0,0.5,0,0,0,0,0,0,0,0,0,0,10.5847,16.1899,1.52956,0
4,sm_89,8192,256,256,0,1,0,0,0.5,0,0,0,0,0,0,0,0,0,0,0.0133381,0.0179044,1.34235,0
4,sm_89,8192,512,256,0,1,0,0,0.5,0,0,0,0,0,0,0,0,0,0,0.0201438,0.0274571,1.36305,0
4,sm_89,8192,1024,256,0,1,0,0,0.5,0,0,0,0,0,0,0,0,0,0,0.0323574,0.0485246,1.49964,0
4,sm_89,8192,2048,256,0,1,0,0,0.5,0,0,0,0,0,0,0,0,0,0,0.0502265,0.0898956,1.7898,0
4,sm_89,8192,4096,256,0,1,0,0,0.5,0,0,0,0,0,0,0,0,0,0,0.0908986,0.172378,1.89638,0
4,sm_89,8192,8192,256,0,1,0,0,0.5,0,0,0,0,0,0,0,0,0,0,0.171815,0.341893,1.98989,0
4,sm_89,8192,16384,256,0,1,0,0,0.5,0,0,0,0,0,0,0,0,0,0,0.334437,0.688304,2.0581,0
4,sm_89,8192,256,512,0,1,0,0,0.5,0,0,0,0,0,0,0,0,0,0,0.0298125,0.0322745,1.08258,0
4,sm_89,8192,512,512,0,1,0,0,0.5,0,0,0,0,0,0,0,0,0,0,0.0403219,0.0512265,1.27044,0
4,sm_89,8192,1024,512,0,1,0,0,0.5,0,0,0,0,0,0,0,0,0,0,0.062229,0.0925504,1.48725,0
4,sm_89,8192,2048,512,0,1,0,0,0.5,0,0,0,0,0,0,0,0,0,0,0.102445,0.183883,1.79494,0
4,sm_89,8192,4096,512,0,1,0,0,0.5,0,0,0,0,0,0,0,0,0,0,0.191186,0.320823,1.67807,0
4,sm_89,8192,8192,512,0,1,0,0,0.5,0,0,0,0,0,0,0,0,0,0,0.370985,0.629716,1.69742,0
4,sm_89,8192,16384,512,0,1,0,0,0.5,0,0,0,0,0,0,0,0,0,0,0.731561,1.18643,1.62178,0
4,sm_89,8192,256,1024,0,1,0,0,0.5,0,0,0,0,0,0,0,0,0,0,0.0593362,0.0533321,0.898812,0
4,sm_89,8192,512,1024,0,1,0,0,0.5,0,0,0,0,0,0,0,0,0,0,0.0762255,0.0926034,1.21486,0
4,sm_89,8192,1024,1024,0,1,0,0,0.5,0,0,0,0,0,0,0,0,0,0,0.120253,0.163745,1.36167,0
4,sm_89,8192,2048,1024,0,1,0,0,0.5,0,0,0,0,0,0,0,0,0,0,0.203115,0.298651,1.47035,0
4,sm_89,8192,4096,1024,0,1,0,0,0.5,0,0,0,0,0,0,0,0,0,0,0.38016,0.569382,1.49774,0
4,sm_89,8192,8192,1024,0,1,0,0,0.5,0,0,0,0,0,0,0,0,0,0,0.746738,1.18569,1.58783,0
4,sm_89,8192,16384,1024,0,1,0,0,0.5,0,0,0,0,0,0,0,0,0,0,1.47162,2.35311,1.59899,0
4,sm_89,8192,256,2048,0,1,0,0,0.5,0,0,0,0,0,0,0,0,0,0,0.107491,0.0968007,0.900547,0
4,sm_89,8192,512,2048,0,1,0,0,0.5,0,0,0,0,0,0,0,0,0,0,0.139172,0.186415,1.33945,0
4,sm_89,8192,1024,2048,0,1,0,0,0.5,0,0,0,0,0,0,0,0,0,0,0.218106,0.309228,1.41779,0
4,sm_89,8192,2048,2048,0,1,0,0,0.5,0,0,0,0,0,0,0,0,0,0,0.372652,0.590555,1.58474,0
4,sm_89,8192,4096,2048,0,1,0,0,0.5,0,0,0,0,0,0,0,0,0,0,0.716978,1.09618,1.52889,0
4,sm_89,8192,8192,2048,0,1,0,0,0.5,0,0,0,0,0,0,0,0,0,0,1.4098,2.11373,1.49931,0
4,sm_89,8192,16384,2048,0,1,0,0,0.5,0,0,0,0,0,0,0,0,0,0,2.7631,4.15837,1.50497,0
4,sm_89,8192,256,4096,0,1,0,0,0.5,0,0,0,0,0,0,0,0,0,0,0.2065,0.23451,1.13564,0
4,sm_89,8192,512,4096,0,1,0,0,0.5,0,0,0,0,0,0,0,0,0,0,0.267307,0.352985,1.32052,0
4,sm_89,8192,1024,4096,0,1,0,0,0.5,0,0,0,0,0,0,0,0,0,0,0.41456,0.617657,1.48991,0
4,sm_89,8192,2048,4096,0,1,0,0,0.5,0,0,0,0,0,0,0,0,0,0,0.719036,1.19932,1.66796,0
4,sm_89,8192,4096,4096,0,1,0,0,0.5,0,0,0,0,0,0,0,0,0,0,1.38694,2.37441,1.71197,0
4,sm_89,8192,8192,4096,0,1,0,0,0.5,0,0,0,0,0,0,0,0,0,0,2.69774,4.70286,1.74326,0
4,sm_89,8192,16384,4096,0,1,0,0,0.5,0,0,0,0,0,0,0,0,0,0,5.58477,9.36113,1.67619,0
4,sm_89,8192,256,8192,0,1,0,0,0.5,0,0,0,0,0,0,0,0,0,0,0.403751,0.44875,1.11145,0
4,sm_89,8192,512,8192,0,1,0,0,0.5,0,0,0,0,0,0,0,0,0,0,0.525072,0.669723,1.27549,0
4,sm_89,8192,1024,8192,0,1,0,0,0.5,0,0,0,0,0,0,0,0,0,0,0.814885,1.23019,1.50964,0
4,sm_89,8192,2048,8192,0,1,0,0,0.5,0,0,0,0,0,0,0,0,0,0,1.46559,2.15784,1.47233,0
4,sm_89,8192,4096,8192,0,1,0,0,0.5,0,0,0,0,0,0,0,0,0,0,2.80335,4.21103,1.50214,0
4,sm_89,8192,8192,8192,0,1,0,0,0.5,0,0,0,0,0,0,0,0,0,0,5.38418,9.27396,1.72245,0
4,sm_89,8192,16384,8192,0,1,0,0,0.5,0,0,0,0,0,0,0,0,0,0,13.4003,18.7748,1.40107,0
4,sm_89,8192,256,16384,0,1,0,0,0.5,0,0,0,0,0,0,0,0,0,0,0.801053,0.852268,1.06393,0
4,sm_89,8192,512,16384,0,1,0,0,0.5,0,0,0,0,0,0,0,0,0,0,1.04378,1.35134,1.29466,0
4,sm_89,8192,1024,16384,0,1,0,0,0.5,0,0,0,0,0,0,0,0,0,0,1.63712,2.43533,1.48757,0
4,sm_89,8192,2048,16384,0,1,0,0,0.5,0,0,0,0,0,0,0,0,0,0,2.95288,4.20284,1.4233,0
4,sm_89,8192,4096,16384,0,1,0,0,0.5,0,0,0,0,0,0,0,0,0,0,5.6446,8.30679,1.47164,0
4,sm_89,8192,8192,16384,0,1,0,0,0.5,0,0,0,0,0,0,0,0,0,0,11.0421,16.1402,1.4617,0
4,sm_89,8192,16384,16384,0,1,0,0,0.5,0,0,0,0,0,0,0,0,0,0,25.2812,32.0128,1.26627,0
4,sm_89,16384,256,256,0,1,0,0,0.5,0,0,0,0,0,0,0,0,0,0,0.0335236,0.0352236,1.05071,0
4,sm_89,16384,512,256,0,1,0,0,0.5,0,0,0,0,0,0,0,0,0,0,0.0486228,0.0540395,1.1114,0
4,sm_89,16384,1024,256,0,1,0,0,0.5,0,0,0,0,0,0,0,0,0,0,0.0769656,0.0962623,1.25072,0
4,sm_89,16384,2048,256,0,1,0,0,0.5,0,0,0,0,0,0,0,0,0,0,0.124977,0.192513,1.54039,0
4,sm_89,16384,4096,256,0,1,0,0,0.5,0,0,0,0,0,0,0,0,0,0,0.218393,0.334732,1.53271,0
4,sm_89,16384,8192,256,0,1,0,0,0.5,0,0,0,0,0,0,0,0,0,0,0.412391,0.640265,1.55257,0
4,sm_89,16384,16384,256,0,1,0,0,0.5,0,0,0,0,0,0,0,0,0,0,0.823821,1.27156,1.54349,0
4,sm_89,16384,256,512,0,1,0,0,0.5,0,0,0,0,0,0,0,0,0,0,0.0665272,0.0572905,0.861159,0
4,sm_89,16384,512,512,0,1,0,0,0.5,0,0,0,0,0,0,0,0,0,0,0.0965514,0.0932493,0.9658,0
4,sm_89,16384,1024,512,0,1,0,0,0.5,0,0,0,0,0,0,0,0,0,0,0.152065,0.164961,1.08481,0
4,sm_89,16384,2048,512,0,1,0,0,0.5,0,0,0,0,0,0,0,0,0,0,0.253112,0.323647,1.27867,0
4,sm_89,16384,4096,512,0,1,0,0,0.5,0,0,0,0,0,0,0,0,0,0,0.458424,0.615064,1.34169,0
4,sm_89,16384,8192,512,0,1,0,0,0.5,0,0,0,0,0,0,0,0,0,0,0.889154,1.19907,1.34855,0
4,sm_89,16384,16384,512,0,1,0,0,0.5,0,0,0,0,0,0,0,0,0,0,2.12206,2.34475,1.10494,0
4,sm_89,16384,256,1024,0,1,0,0,0.5,0,0,0,0,0,0,0,0,0,0,0.120249,0.12594,1.04732,0
4,sm_89,16384,512,1024,0,1,0,0,0.5,0,0,0,0,0,0,0,0,0,0,0.18015,0.186442,1.03493,0
4,sm_89,16384,1024,1024,0,1,0,0,0.5,0,0,0,0,0,0,0,0,0,0,0.281657,0.306914,1.08967,0
4,sm_89,16384,2048,1024,0,1,0,0,0.5,0,0,0,0,0,0,0,0,0,0,0.464809,0.56084,1.2066,0
4,sm_89,16384,4096,1024,0,1,0,0,0.5,0,0,0,0,0,0,0,0,0,0,0.833454,1.19627,1.43532,0
4,sm_89,16384,8192,1024,0,1,0,0,0.5,0,0,0,0,0,0,0,0,0,0,1.60568,2.14388,1.33519,0
4,sm_89,16384,16384,1024,0,1,0,0,0.5,0,0,0,0,0,0,0,0,0,0,4.22301,4.24873,1.00609,0
4,sm_89,16384,256,2048,0,1,0,0,0.5,0,0,0,0,0,0,0,0,0,0,0.232145,0.185562,0.799335,0
4,sm_89,16384,512,2048,0,1,0,0,0.5,0,0,0,0,0,0,0,0,0,0,0.352902,0.353247,1.00098,0
4,sm_89,16384,1024,2048,0,1,0,0,0.5,0,0,0,0,0,0,0,0,0,0,0.540777,0.585675,1.08302,0
4,sm_89,16384,2048,2048,0,1,0,0,0.5,0,0,0,0,0,0,0,0,0,0,0.894105,1.1488,1.28486,0
4,sm_89,16384,4096,2048,0,1,0,0,0.5,0,0,0,0,0,0,0,0,0,0,1.61007,2.13619,1.32676,0
4,sm_89,16384,8192,2048,0,1,0,0,0.5,0,0,0,0,0,0,0,0,0,0,3.65215,4.12641,1.12986,0
4,sm_89,16384,16384,2048,0,1,0,0,0.5,0,0,0,0,0,0,0,0,0,0,8.15525,8.13723,0.997791,0
4,sm_89,16384,256,4096,0,1,0,0,0.5,0,0,0,0,0,0,0,0,0,0,0.459998,0.450117,0.97852,0
4,sm_89,16384,512,4096,0,1,0,0,0.5,0,0,0,0,0,0,0,0,0,0,0.708293,0.677064,0.955909,0
4,sm_89,16384,1024,4096,0,1,0,0,0.5,0,0,0,0,0,0,0,0,0,0,1.06029,1.23278,1.16268,0
4,sm_89,16384,2048,4096,0,1,0,0,0.5,0,0,0,0,0,0,0,0,0,0,1.7559,2.1097,1.20149,0
4,sm_89,16384,4096,4096,0,1,0,0,0.5,0,0,0,0,0,0,0,0,0,0,3.12943,4.11459,1.31481,0
4,sm_89,16384,8192,4096,0,1,0,0,0.5,0,0,0,0,0,0,0,0,0,0,7.04136,8.27032,1.17453,0
4,sm_89,16384,16384,4096,0,1,0,0,0.5,0,0,0,0,0,0,0,0,0,0,18.1056,16.1854,0.893943,0
4,sm_89,16384,256,8192,0,1,0,0,0.5,0,0,0,0,0,0,0,0,0,0,0.923791,0.819719,0.887343,0
4,sm_89,16384,512,8192,0,1,0,0,0.5,0,0,0,0,0,0,0,0,0,0,1.40606,1.33276,0.947868,0
4,sm_89,16384,1024,8192,0,1,0,0,0.5,0,0,0,0,0,0,0,0,0,0,2.11644,2.23986,1.05832,0
4,sm_89,16384,2048,8192,0,1,0,0,0.5,0,0,0,0,0,0,0,0,0,0,3.50292,4.25166,1.21375,0
4,sm_89,16384,4096,8192,0,1,0,0,0.5,0,0,0,0,0,0,0,0,0,0,6.26664,8.30225,1.32483,0
4,sm_89,16384,8192,8192,0,1,0,0,0.5,0,0,0,0,0,0,0,0,0,0,16.5653,16.3491,0.986946,0
4,sm_89,16384,16384,8192,0,1,0,0,0.5,0,0,0,0,0,0,0,0,0,0,37.3,32.0093,0.85816,0
4,sm_89,16384,256,16384,0,1,0,0,0.5,0,0,0,0,0,0,0,0,0,0,1.83782,1.53993,0.837911,0
4,sm_89,16384,512,16384,0,1,0,0,0.5,0,0,0,0,0,0,0,0,0,0,2.8356,2.6198,0.923896,0
4,sm_89,16384,1024,16384,0,1,0,0,0.5,0,0,0,0,0,0,0,0,0,0,4.25357,4.4602,1.04858,0
4,sm_89,16384,2048,16384,0,1,0,0,0.5,0,0,0,0,0,0,0,0,0,0,7.09414,8.51889,1.20083,0
4,sm_89,16384,4096,16384,0,1,0,0,0.5,0,0,0,0,0,0,0,0,0,0,12.8973,16.5645,1.28434,0
4,sm_89,16384,8192,16384,0,1,0,0,0.5,0,0,0,0,0,0,0,0,0,0,28.7485,32.9454,1.14599,0
4,sm_89,16384,16384,16384,0,1,0,0,0.5,0,0,0,0,0,0,0,0,0,0,75.7898,63.9989,0.844427,0
