algo,arch,m,k,n,meta_block_sz,block_sz,nn_row,mm_col,density,bm,bn,bk,wm,wn,wk,mm,mn,mk,nstage,spmm_time,gemm_time,speedup,error
1,sm_89,256,256,256,0,1,0,0,0.25,0,0,0,0,0,0,0,0,0,0,0.00744192,0.00435731,0.585509,0
1,sm_89,256,512,256,0,1,0,0,0.25,0,0,0,0,0,0,0,0,0,0,0.0101607,0.00545693,0.53706,0
1,sm_89,256,1024,256,0,1,0,0,0.25,0,0,0,0,0,0,0,0,0,0,0.0155373,0.00759478,0.48881,0
1,sm_89,256,2048,256,0,1,0,0,0.25,0,0,0,0,0,0,0,0,0,0,0.0245114,0.00892752,0.364219,0
1,sm_89,256,4096,256,0,1,0,0,0.25,0,0,0,0,0,0,0,0,0,0,0.0452833,0.012657,0.279508,0
1,sm_89,256,8192,256,0,1,0,0,0.25,0,0,0,0,0,0,0,0,0,0,0.0877816,0.0234443,0.267075,0
1,sm_89,256,16384,256,0,1,0,0,0.25,0,0,0,0,0,0,0,0,0,0,0.171015,0.0375928,0.219821,0
1,sm_89,256,256,512,0,1,0,0,0.25,0,0,0,0,0,0,0,0,0,0,0.00851517,0.00500378,0.587631,0
1,sm_89,256,512,512,0,1,0,0,0.25,0,0,0,0,0,0,0,0,0,0,0.0122949,0.00559722,0.455247,0
1,sm_89,256,1024,512,0,1,0,0,0.25,0,0,0,0,0,0,0,0,0,0,0.0202515,0.00908646,0.448681,0
1,sm_89,256,2048,512,0,1,0,0,0.25,0,0,0,0,0,0,0,0,0,0,0.0363003,0.0129933,0.357939,0
1,sm_89,256,4096,512,0,1,0,0,0.25,0,0,0,0,0,0,0,0,0,0,0.0738317,0.0225507,0.305433,0
1,sm_89,256,8192,512,0,1,0,0,0.25,0,0,0,0,0,0,0,0,0,0,0.153944,0.0288272,0.187257,0
1,sm_89,256,16384,512,0,1,0,0,0.25,0,0,0,0,0,0,0,0,0,0,0.322006,0.0489727,0.152087,0
1,sm_89,256,256,1024,0,1,0,0,0.25,0,0,0,0,0,0,0,0,0,0,0.0119692,0.00569376,0.4757,0
1,sm_89,256,512,1024,0,1,0,0,0.25,0,0,0,0,0,0,0,0,0,0,0.018911,0.00703766,0.372146,0
1,sm_89,256,1024,1024,0,1,0,0,0.25,0,0,0,0,0,0,0,0,0,0,0.034894,0.0116886,0.334974,0
1,sm_89,256,2048,1024,0,1,0,0,0.25,0,0,0,0,0,0,0,0,0,0,0.0700894,0.0170709,0.243559,0
1,sm_89,256,4096,1024,0,1,0,0,0.25,0,0,0,0,0,0,0,0,0,0,0.15173,0.028535,0.188064,0
1,sm_89,256,8192,1024,0,1,0,0,0.25,0,0,0,0,0,0,0,0,0,0,0.321722,0.0575769,0.178965,0
1,sm_89,256,16384,1024,0,1,0,0,0.25,0,0,0,0,0,0,0,0,0,0,0.683622,0.0916758,0.134103,0
1,sm_89,256,256,2048,0,1,0,0,0.25,0,0,0,0,0,0,0,0,0,0,0.0197036,0.00635616,0.32259,0
1,sm_89,256,512,2048,0,1,0,0,0.25,0,0,0,0,0,0,0,0,0,0,0.0330586,0.0130002,0.393246,0
1,sm_89,256,1024,2048,0,1,0,0,0.25,0,0,0,0,0,0,0,0,0,0,0.0655519,0.0179697,0.274129,0
1,sm_89,256,2048,2048,0,1,0,0,0.25,0,0,0,0,0,0,0,0,0,0,0.138784,0.0304386,0.219324,0
1,sm_89,256,4096,2048,0,1,0,0,0.25,0,0,0,0,0,0,0,0,0,0,0.286301,0.0516244,0.180315,0
1,sm_89,256,8192,2048,0,1,0,0,0.25,0,0,0,0,0,0,0,0,0,0,0.626915,0.0819756,0.13076,0
1,sm_89,256,16384,2048,0,1,0,0,0.25,0,0,0,0,0,0,0,0,0,0,1.39361,0.144162,0.103445,0
1,sm_89,256,256,4096,0,1,0,0,0.25,0,0,0,0,0,0,0,0,0,0,0.0337696,0.00980826,0.290446,0
1,sm_89,256,512,4096,0,1,0,0,0.25,0,0,0,0,0,0,0,0,0,0,0.0620013,0.0146793,0.236758,0
1,sm_89,256,1024,4096,0,1,0,0,0.25,0,0,0,0,0,0,0,0,0,0,0.123458,0.0278676,0.225726,0
1,sm_89,256,2048,4096,0,1,0,0,0.25,0,0,0,0,0,0,0,0,0,0,0.252664,0.0479574,0.189807,0
1,sm_89,256,4096,4096,0,1,0,0,0.25,0,0,0,0,0,0,0,0,0,0,0.55274,0.0804522,0.145552,0
1,sm_89,256,8192,4096,0,1,0,0,0.25,0,0,0,0,0,0,0,0,0,0,1.25483,0.169572,0.135136,0
1,sm_89,256,16384,4096,0,1,0,0,0.25,0,0,0,0,0,0,0,0,0,0,2.81999,0.275944,0.0978526,0
1,sm_89,256,256,8192,0,1,0,0,0.25,0,0,0,0,0,0,0,0,0,0,0.0630705,0.0187066,0.296597,0
1,sm_89,256,512,8192,0,1,0,0,0.25,0,0,0,0,0,0,0,0,0,0,0.116316,0.0254933,0.219173,0
1,sm_89,256,1024,8192,0,1,0,0,0.25,0,0,0,0,0,0,0,0,0,0,0.233556,0.0432001,0.184967,0
1,sm_89,256,2048,8192,0,1,0,0,0.25,0,0,0,0,0,0,0,0,0,0,0.474816,0.0917537,0.193241,0
1,sm_89,256,4096,8192,0,1,0,0,0.25,0,0,0,0,0,0,0,0,0,0,1.06826,0.173237,0.162167,0
1,sm_89,256,8192,8192,0,1,0,0,0.25,0,0,0,0,0,0,0,0,0,0,2.49123,0.302487,0.121421,0
1,sm_89,256,16384,8192,0,1,0,0,0.25,0,0,0,0,0,0,0,0,0,0,5.74878,0.791923,0.137755,0
1,sm_89,256,256,16384,0,1,0,0,0.25,0,0,0,0,0,0,0,0,0,0,0.121033,0.0344439,0.284583,0
1,sm_89,256,512,16384,0,1,0,0,0.25,0,0,0,0,0,0,0,0,0,0,0.22668,0.0514519,0.22698,0
1,sm_89,256,1024,16384,0,1,0,0,0.25,0,0,0,0,0,0,0,0,0,0,0.452389,0.107883,0.238474,0
1,sm_89,256,2048,16384,0,1,0,0,0.25,0,0,0,0,0,0,0,0,0,0,0.941674,0.190817,0.202636,0
1,sm_89,256,4096,16384,0,1,0,0,0.25,0,0,0,0,0,0,0,0,0,0,2.08314,0.335829,0.161213,0
1,sm_89,256,8192,16384,0,1,0,0,0.25,0,0,0,0,0,0,0,0,0,0,4.97051,0.89051,0.179159,0
1,sm_89,256,16384,16384,0,1,0,0,0.25,0,0,0,0,0,0,0,0,0,0,11.4776,1.69537,0.147711,0
1,sm_89,512,256,256,0,1,0,0,0.25,0,0,0,0,0,0,0,0,0,0,0.00864013,0.00499968,0.578658,0
1,sm_89,512,512,256,0,1,0,0,0.25,0,0,0,0,0,0,0,0,0,0,0.0125162,0.00578899,0.462519,0
1,sm_89,512,1024,256,0,1,0,0,0.25,0,0,0,0,0,0,0,0,0,0,0.0202149,0.00925706,0.457932,0
1,sm_89,512,2048,256,0,1,0,0,0.25,0,0,0,0,0,0,0,0,0,0,0.0356626,0.0130769,0.366683,0
1,sm_89,512,4096,256,0,1,0,0,0.25,0,0,0,0,0,0,0,0,0,0,0.0713582,0.0215651,0.302208,0
1,sm_89,512,8192,256,0,1,0,0,0.25,0,0,0,0,0,0,0,0,0,0,0.148691,0.0328359,0.220833,0
1,sm_89,512,16384,256,0,1,0,0,0.25,0,0,0,0,0,0,0,0,0,0,0.31596,0.0508118,0.160817,0
1,sm_89,512,256,512,0,1,0,0,0.25,0,0,0,0,0,0,0,0,0,0,0.0113389,0.00745843,0.657773,0
1,sm_89,512,512,512,0,1,0,0,0.25,0,0,0,0,0,0,0,0,0,0,0.0186359,0.0066537,0.357036,0
1,sm_89,512,1024,512,0,1,0,0,0.25,0,0,0,0,0,0,0,0,0,0,0.0337134,0.0110662,0.328244,0
1,sm_89,512,2048,512,0,1,0,0,0.25,0,0,0,0,0,0,0,0,0,0,0.0682408,0.0184908,0.270964,0
1,sm_89,512,4096,512,0,1,0,0,0.25,0,0,0,0,0,0,0,0,0,0,0.146621,0.030057,0.204998,0
1,sm_89,512,8192,512,0,1,0,0,0.25,0,0,0,0,0,0,0,0,0,0,0.316947,0.0507012,0.159968,0
1,sm_89,512,16384,512,0,1,0,0,0.25,0,0,0,0,0,0,0,0,0,0,0.678403,0.0933026,0.137533,0
1,sm_89,512,256,1024,0,1,0,0,0.25,0,0,0,0,0,0,0,0,0,0,0.0188397,0.0087552,0.46472,0
1,sm_89,512,512,1024,0,1,0,0,0.25,0,0,0,0,0,0,0,0,0,0,0.0329401,0.00921354,0.279706,0
1,sm_89,512,1024,1024,0,1,0,0,0.25,0,0,0,0,0,0,0,0,0,0,0.064765,0.0145929,0.225321,0
1,sm_89,512,2048,1024,0,1,0,0,0.25,0,0,0,0,0,0,0,0,0,0,0.134584,0.0245101,0.182117,0
1,sm_89,512,4096,1024,0,1,0,0,0.25,0,0,0,0,0,0,0,0,0,0,0.288971,0.0505905,0.175071,0
1,sm_89,512,8192,1024,0,1,0,0,0.25,0,0,0,0,0,0,0,0,0,0,0.633526,0.0907862,0.143303,0
1,sm_89,512,16384,1024,0,1,0,0,0.25,0,0,0,0,0,0,0,0,0,0,1.38295,0.16322,0.118023,0
1,sm_89,512,256,2048,0,1,0,0,0.25,0,0,0,0,0,0,0,0,0,0,0.03063,0.00937302,0.306008,0
1,sm_89,512,512,2048,0,1,0,0,0.25,0,0,0,0,0,0,0,0,0,0,0.0575031,0.0155383,0.270217,0
1,sm_89,512,1024,2048,0,1,0,0,0.25,0,0,0,0,0,0,0,0,0,0,0.114958,0.026324,0.228988,0
1,sm_89,512,2048,2048,0,1,0,0,0.25,0,0,0,0,0,0,0,0,0,0,0.23873,0.0472383,0.197873,0
1,sm_89,512,4096,2048,0,1,0,0,0.25,0,0,0,0,0,0,0,0,0,0,0.523848,0.0794158,0.151601,0
1,sm_89,512,8192,2048,0,1,0,0,0.25,0,0,0,0,0,0,0,0,0,0,1.16838,0.161826,0.138504,0
1,sm_89,512,16384,2048,0,1,0,0,0.25,0,0,0,0,0,0,0,0,0,0,2.66944,0.308351,0.115512,0
1,sm_89,512,256,4096,0,1,0,0,0.25,0,0,0,0,0,0,0,0,0,0,0.0557785,0.0166639,0.298752,0
1,sm_89,512,512,4096,0,1,0,0,0.25,0,0,0,0,0,0,0,0,0,0,0.110367,0.026298,0.238278,0
1,sm_89,512,1024,4096,0,1,0,0,0.25,0,0,0,0,0,0,0,0,0,0,0.212352,0.0440259,0.207325,0
1,sm_89,512,2048,4096,0,1,0,0,0.25,0,0,0,0,0,0,0,0,0,0,0.431061,0.0933224,0.216495,0
1,sm_89,512,4096,4096,0,1,0,0,0.25,0,0,0,0,0,0,0,0,0,0,0.977145,0.171464,0.175474,0
1,sm_89,512,8192,4096,0,1,0,0,0.25,0,0,0,0,0,0,0,0,0,0,2.28197,0.313087,0.1372,0
1,sm_89,512,16384,4096,0,1,0,0,0.25,0,0,0,0,0,0,0,0,0,0,5.35051,0.606898,0.113428,0
1,sm_89,512,256,8192,0,1,0,0,0.25,0,0,0,0,0,0,0,0,0,0,0.112189,0.0346562,0.30891,0
1,sm_89,512,512,8192,0,1,0,0,0.25,0,0,0,0,0,0,0,0,0,0,0.210363,0.0517395,0.245953,0
1,sm_89,512,1024,8192,0,1,0,0,0.25,0,0,0,0,0,0,0,0,0,0,0.413303,0.104308,0.252377,0
1,sm_89,512,2048,8192,0,1,0,0,0.25,0,0,0,0,0,0,0,0,0,0,0.852058,0.168937,0.19827,0
1,sm_89,512,4096,8192,0,1,0,0,0.25,0,0,0,0,0,0,0,0,0,0,1.95711,0.316268,0.1616,0
1,sm_89,512,8192,8192,0,1,0,0,0.25,0,0,0,0,0,0,0,0,0,0,4.80936,0.551447,0.114661,0
1,sm_89,512,16384,8192,0,1,0,0,0.25,0,0,0,0,0,0,0,0,0,0,11.1257,1.06087,0.0953528,0
1,sm_89,512,256,16384,0,1,0,0,0.25,0,0,0,0,0,0,0,0,0,0,0.215037,0.0613588,0.28534,0
1,sm_89,512,512,16384,0,1,0,0,0.25,0,0,0,0,0,0,0,0,0,0,0.410648,0.0923984,0.225006,0
1,sm_89,512,1024,16384,0,1,0,0,0.25,0,0,0,0,0,0,0,0,0,0,0.804882,0.196026,0.243546,0
1,sm_89,512,2048,16384,0,1,0,0,0.25,0,0,0,0,0,0,0,0,0,0,1.60797,0.319906,0.19895,0
1,sm_89,512,4096,16384,0,1,0,0,0.25,0,0,0,0,0,0,0,0,0,0,4.042,0.578044,0.143009,0
1,sm_89,512,8192,16384,0,1,0,0,0.25,0,0,0,0,0,0,0,0,0,0,9.80692,1.09214,0.111364,0
1,sm_89,512,16384,16384,0,1,0,0,0.25,0,0,0,0,0,0,0,0,0,0,22.9044,2.10709,0.091995,0
1,sm_89,1024,256,256,0,1,0,0,0.25,0,0,0,0,0,0,0,0,0,0,0.0106089,0.00572672,0.539805,0
1,sm_89,1024,512,256,0,1,0,0,0.25,0,0,0,0,0,0,0,0,0,0,0.0156823,0.00682576,0.435252,0
1,sm_89,1024,1024,256,0,1,0,0,0.25,0,0,0,0,0,0,0,0,0,0,0.0263477,0.0110326,0.418731,0
1,sm_89,1024,2048,256,0,1,0,0,0.25,0,0,0,0,0,0,0,0,0,0,0.050258,0.0188454,0.374974,0
1,sm_89,1024,4096,256,0,1,0,0,0.25,0,0,0,0,0,0,0,0,0,0,0.112134,0.0323083,0.288123,0
1,sm_89,1024,8192,256,0,1,0,0,0.25,0,0,0,0,0,0,0,0,0,0,0.264378,0.0492202,0.186174,0
1,sm_89,1024,16384,256,0,1,0,0,0.25,0,0,0,0,0,0,0,0,0,0,0.591985,0.0919036,0.155247,0
1,sm_89,1024,256,512,0,1,0,0,0.25,0,0,0,0,0,0,0,0,0,0,0.0173696,0.00616096,0.354698,0
1,sm_89,1024,512,512,0,1,0,0,0.25,0,0,0,0,0,0,0,0,0,0,0.0286863,0.00903075,0.314811,0
1,sm_89,1024,1024,512,0,1,0,0,0.25,0,0,0,0,0,0,0,0,0,0,0.0525058,0.0186898,0.355956,0
1,sm_89,1024,2048,512,0,1,0,0,0.25,0,0,0,0,0,0,0,0,0,0,0.107717,0.0292776,0.2718,0
1,sm_89,1024,4096,512,0,1,0,0,0.25,0,0,0,0,0,0,0,0,0,0,0.241445,0.0464041,0.192193,0
1,sm_89,1024,8192,512,0,1,0,0,0.25,0,0,0,0,0,0,0,0,0,0,0.550996,0.0797932,0.144816,0
1,sm_89,1024,16384,512,0,1,0,0,0.25,0,0,0,0,0,0,0,0,0,0,1.23038,0.16428,0.133519,0
1,sm_89,1024,256,1024,0,1,0,0,0.25,0,0,0,0,0,0,0,0,0,0,0.0280349,0.00973715,0.347323,0
1,sm_89,1024,512,1024,0,1,0,0,0.25,0,0,0,0,0,0,0,0,0,0,0.0493272,0.015319,0.310558,0
1,sm_89,1024,1024,1024,0,1,0,0,0.25,0,0,0,0,0,0,0,0,0,0,0.0953062,0.0246687,0.258836,0
1,sm_89,1024,2048,1024,0,1,0,0,0.25,0,0,0,0,0,0,0,0,0,0,0.202071,0.0442329,0.218898,0
1,sm_89,1024,4096,1024,0,1,0,0,0.25,0,0,0,0,0,0,0,0,0,0,0.442439,0.0841334,0.190158,0
1,sm_89,1024,8192,1024,0,1,0,0,0.25,0,0,0,0,0,0,0,0,0,0,1.063,0.152557,0.143516,0
1,sm_89,1024,16384,1024,0,1,0,0,0.25,0,0,0,0,0,0,0,0,0,0,2.50626,0.284561,0.11354,0
1,sm_89,1024,256,2048,0,1,0,0,0.25,0,0,0,0,0,0,0,0,0,0,0.0511342,0.0167708,0.327976,0
1,sm_89,1024,512,2048,0,1,0,0,0.25,0,0,0,0,0,0,0,0,0,0,0.0939643,0.0258893,0.275523,0
1,sm_89,1024,1024,2048,0,1,0,0,0.25,0,0,0,0,0,0,0,0,0,0,0.180436,0.0455061,0.252201,0
1,sm_89,1024,2048,2048,0,1,0,0,0.25,0,0,0,0,0,0,0,0,0,0,0.368016,0.0922281,0.250609,0
1,sm_89,1024,4096,2048,0,1,0,0,0.25,0,0,0,0,0,0,0,0,0,0,0.813311,0.172232,0.211766,0
1,sm_89,1024,8192,2048,0,1,0,0,0.25,0,0,0,0,0,0,0,0,0,0,2.05957,0.316833,0.153835,0
1,sm_89,1024,16384,2048,0,1,0,0,0.25,0,0,0,0,0,0,0,0,0,0,5.11194,0.60373,0.118102,0
1,sm_89,1024,256,4096,0,1,0,0,0.25,0,0,0,0,0,0,0,0,0,0,0.102749,0.0347324,0.33803,0
1,sm_89,1024,512,4096,0,1,0,0,0.25,0,0,0,0,0,0,0,0,0,0,0.186693,0.053018,0.283984,0
1,sm_89,1024,1024,4096,0,1,0,0,0.25,0,0,0,0,0,0,0,0,0,0,0.351485,0.105867,0.3012,0
1,sm_89,1024,2048,4096,0,1,0,0,0.25,0,0,0,0,0,0,0,0,0,0,0.719142,0.168322,0.234059,0
1,sm_89,1024,4096,4096,0,1,0,0,0.25,0,0,0,0,0,0,0,0,0,0,1.74174,0.292164,0.167743,0
1,sm_89,1024,8192,4096,0,1,0,0,0.25,0,0,0,0,0,0,0,0,0,0,4.69653,0.543901,0.115809,0
1,sm_89,1024,16384,4096,0,1,0,0,0.25,0,0,0,0,0,0,0,0,0,0,10.8325,1.0518,0.0970966,0
1,sm_89,1024,256,8192,0,1,0,0,0.25,0,0,0,0,0,0,0,0,0,0,0.203525,0.0593116,0.291422,0
1,sm_89,1024,512,8192,0,1,0,0,0.25,0,0,0,0,0,0,0,0,0,0,0.366231,0.0944987,0.25803,0
1,sm_89,1024,1024,8192,0,1,0,0,0.25,0,0,0,0,0,0,0,0,0,0,0.695575,0.19715,0.283435,0
1,sm_89,1024,2048,8192,0,1,0,0,0.25,0,0,0,0,0,0,0,0,0,0,1.40191,0.321228,0.229137,0
1,sm_89,1024,4096,8192,0,1,0,0,0.25,0,0,0,0,0,0,0,0,0,0,3.48843,0.573581,0.164424,0
1,sm_89,1024,8192,8192,0,1,0,0,0.25,0,0,0,0,0,0,0,0,0,0,9.86579,1.08461,0.109937,0
1,sm_89,1024,16384,8192,0,1,0,0,0.25,0,0,0,0,0,0,0,0,0,0,22.6047,2.09185,0.0925407,0
1,sm_89,1024,256,16384,0,1,0,0,0.25,0,0,0,0,0,0,0,0,0,0,0.405681,0.111089,0.273835,0
1,sm_89,1024,512,16384,0,1,0,0,0.25,0,0,0,0,0,0,0,0,0,0,0.731575,0.18004,0.246099,0
1,sm_89,1024,1024,16384,0,1,0,0,0.25,0,0,0,0,0,0,0,0,0,0,1.36095,0.378293,0.277963,0
1,sm_89,1024,2048,16384,0,1,0,0,0.25,0,0,0,0,0,0,0,0,0,0,2.73876,0.58259,0.21272,0
1,sm_89,1024,4096,16384,0,1,0,0,0.25,0,0,0,0,0,0,0,0,0,0,6.88513,1.07684,0.1564,0
1,sm_89,1024,8192,16384,0,1,0,0,0.25,0,0,0,0,0,0,0,0,0,0,20.0134,2.08392,0.104127,0
1,sm_89,1024,16384,16384,0,1,0,0,0.25,0,0,0,0,0,0,0,0,0,0,46.5472,4.07101,0.0874598,0
1,sm_89,2048,256,256,0,1,0,0,0.25,0,0,0,0,0,0,0,0,0,0,0.0153419,0.00666218,0.434247,0
1,sm_89,2048,512,256,0,1,0,0,0.25,0,0,0,0,0,0,0,0,0,0,0.0242515,0.00969229,0.399657,0
1,sm_89,2048,1024,256,0,1,0,0,0.25,0,0,0,0,0,0,0,0,0,0,0.0439098,0.0164605,0.374872,0
1,sm_89,2048,2048,256,0,1,0,0,0.25,0,0,0,0,0,0,0,0,0,0,0.0929171,0.0357706,0.384973,0
1,sm_89,2048,4096,256,0,1,0,0,0.25,0,0,0,0,0,0,0,0,0,0,0.191864,0.0529419,0.275934,0
1,sm_89,2048,8192,256,0,1,0,0,0.25,0,0,0,0,0,0,0,0,0,0,0.444275,0.0836092,0.188193,0
1,sm_89,2048,16384,256,0,1,0,0,0.25,0,0,0,0,0,0,0,0,0,0,1.07842,0.147139,0.136439,0
1,sm_89,2048,256,512,0,1,0,0,0.25,0,0,0,0,0,0,0,0,0,0,0.0257371,0.0120945,0.469924,0
1,sm_89,2048,512,512,0,1,0,0,0.25,0,0,0,0,0,0,0,0,0,0,0.0428833,0.0153177,0.357195,0
1,sm_89,2048,1024,512,0,1,0,0,0.25,0,0,0,0,0,0,0,0,0,0,0.0859759,0.0304887,0.354619,0
1,sm_89,2048,2048,512,0,1,0,0,0.25,0,0,0,0,0,0,0,0,0,0,0.17668,0.0501889,0.284067,0
1,sm_89,2048,4096,512,0,1,0,0,0.25,0,0,0,0,0,0,0,0,0,0,0.36715,0.0809512,0.220485,0
1,sm_89,2048,8192,512,0,1,0,0,0.25,0,0,0,0,0,0,0,0,0,0,0.946047,0.155773,0.164657,0
1,sm_89,2048,16384,512,0,1,0,0,0.25,0,0,0,0,0,0,0,0,0,0,2.32096,0.277177,0.119424,0
1,sm_89,2048,256,1024,0,1,0,0,0.25,0,0,0,0,0,0,0,0,0,0,0.0470949,0.0156219,0.331711,0
1,sm_89,2048,512,1024,0,1,0,0,0.25,0,0,0,0,0,0,0,0,0,0,0.0852383,0.0273622,0.321008,0
1,sm_89,2048,1024,1024,0,1,0,0,0.25,0,0,0,0,0,0,0,0,0,0,0.166771,0.0462624,0.277401,0
1,sm_89,2048,2048,1024,0,1,0,0,0.25,0,0,0,0,0,0,0,0,0,0,0.343637,0.0942653,0.274316,0
1,sm_89,2048,4096,1024,0,1,0,0,0.25,0,0,0,0,0,0,0,0,0,0,0.753738,0.168862,0.224033,0
1,sm_89,2048,8192,1024,0,1,0,0,0.25,0,0,0,0,0,0,0,0,0,0,2.04781,0.290981,0.142094,0
1,sm_89,2048,16384,1024,0,1,0,0,0.25,0,0,0,0,0,0,0,0,0,0,5.02616,0.551136,0.109654,0
1,sm_89,2048,256,2048,0,1,0,0,0.25,0,0,0,0,0,0,0,0,0,0,0.0947364,0.0331432,0.349846,0
1,sm_89,2048,512,2048,0,1,0,0,0.25,0,0,0,0,0,0,0,0,0,0,0.167629,0.05263,0.313967,0
1,sm_89,2048,1024,2048,0,1,0,0,0.25,0,0,0,0,0,0,0,0,0,0,0.332434,0.105794,0.318242,0
1,sm_89,2048,2048,2048,0,1,0,0,0.25,0,0,0,0,0,0,0,0,0,0,0.668055,0.170127,0.25466,0
1,sm_89,2048,4096,2048,0,1,0,0,0.25,0,0,0,0,0,0,0,0,0,0,1.53821,0.290941,0.189143,0
1,sm_89,2048,8192,2048,0,1,0,0,0.25,0,0,0,0,0,0,0,0,0,0,4.4501,0.55017,0.123631,0
1,sm_89,2048,16384,2048,0,1,0,0,0.25,0,0,0,0,0,0,0,0,0,0,10.3435,1.04407,0.100939,0
1,sm_89,2048,256,4096,0,1,0,0,0.25,0,0,0,0,0,0,0,0,0,0,0.192152,0.0583868,0.303857,0
1,sm_89,2048,512,4096,0,1,0,0,0.25,0,0,0,0,0,0,0,0,0,0,0.338409,0.093659,0.276762,0
1,sm_89,2048,1024,4096,0,1,0,0,0.25,0,0,0,0,0,0,0,0,0,0,0.66325,0.19496,0.293947,0
1,sm_89,2048,2048,4096,0,1,0,0,0.25,0,0,0,0,0,0,0,0,0,0,1.32954,0.317003,0.23843,0
1,sm_89,2048,4096,4096,0,1,0,0,0.25,0,0,0,0,0,0,0,0,0,0,3.19013,0.602145,0.188753,0
1,sm_89,2048,8192,4096,0,1,0,0,0.25,0,0,0,0,0,0,0,0,0,0,9.80757,1.17354,0.119657,0
1,sm_89,2048,16384,4096,0,1,0,0,0.25,0,0,0,0,0,0,0,0,0,0,22.21,2.32545,0.104703,0
1,sm_89,2048,256,8192,0,1,0,0,0.25,0,0,0,0,0,0,0,0,0,0,0.382255,0.110511,0.289104,0
1,sm_89,2048,512,8192,0,1,0,0,0.25,0,0,0,0,0,0,0,0,0,0,0.670517,0.177654,0.264951,0
1,sm_89,2048,1024,8192,0,1,0,0,0.25,0,0,0,0,0,0,0,0,0,0,1.31986,0.38068,0.288424,0
1,sm_89,2048,2048,8192,0,1,0,0,0.25,0,0,0,0,0,0,0,0,0,0,2.64802,0.609461,0.230157,0
1,sm_89,2048,4096,8192,0,1,0,0,0.25,0,0,0,0,0,0,0,0,0,0,5.88537,1.16755,0.198382,0
1,sm_89,2048,8192,8192,0,1,0,0,0.25,0,0,0,0,0,0,0,0,0,0,20.22,2.29448,0.113476,0
1,sm_89,2048,16384,8192,0,1,0,0,0.25,0,0,0,0,0,0,0,0,0,0,45.8728,4.05674,0.0884345,0
1,sm_89,2048,256,16384,0,1,0,0,0.25,0,0,0,0,0,0,0,0,0,0,0.761696,0.216209,0.283852,0
1,sm_89,2048,512,16384,0,1,0,0,0.25,0,0,0,0,0,0,0,0,0,0,1.34832,0.354698,0.263066,0
1,sm_89,2048,1024,16384,0,1,0,0,0.25,0,0,0,0,0,0,0,0,0,0,2.63496,0.570407,0.216476,0
1,sm_89,2048,2048,16384,0,1,0,0,0.25,0,0,0,0,0,0,0,0,0,0,5.26859,1.12964,0.214411,0
1,sm_89,2048,4096,16384,0,1,0,0,0.25,0,0,0,0,0,0,0,0,0,0,11.5782,2.28285,0.197168,0
1,sm_89,2048,8192,16384,0,1,0,0,0.25,0,0,0,0,0,0,0,0,0,0,40.4693,4.17725,0.10322,0
1,sm_89,2048,16384,16384,0,1,0,0,0.25,0,0,0,0,0,0,0,0,0,0,94.3245,8.0651,0.0855037,0
1,sm_89,4096,256,256,0,1,0,0,0.25,0,0,0,0,0,0,0,0,0,0,0.0236855,0.0114908,0.485139,0
1,sm_89,4096,512,256,0,1,0,0,0.25,0,0,0,0,0,0,0,0,0,0,0.0395549,0.0190162,0.480755,0
1,sm_89,4096,1024,256,0,1,0,0,0.25,0,0,0,0,0,0,0,0,0,0,0.0851265,0.0316427,0.371714,0
1,sm_89,4096,2048,256,0,1,0,0,0.25,0,0,0,0,0,0,0,0,0,0,0.180583,0.054372,0.301092,0
1,sm_89,4096,4096,256,0,1,0,0,0.25,0,0,0,0,0,0,0,0,0,0,0.379161,0.0957431,0.252513,0
1,sm_89,4096,8192,256,0,1,0,0,0.25,0,0,0,0,0,0,0,0,0,0,0.998031,0.163737,0.16406,0
1,sm_89,4096,16384,256,0,1,0,0,0.25,0,0,0,0,0,0,0,0,0,0,2.39122,0.288138,0.120498,0
1,sm_89,4096,256,512,0,1,0,0,0.25,0,0,0,0,0,0,0,0,0,0,0.0438698,0.0237483,0.541336,0
1,sm_89,4096,512,512,0,1,0,0,0.25,0,0,0,0,0,0,0,0,0,0,0.0811389,0.0278847,0.343666,0
1,sm_89,4096,1024,512,0,1,0,0,0.25,0,0,0,0,0,0,0,0,0,0,0.163095,0.0555536,0.340621,0
1,sm_89,4096,2048,512,0,1,0,0,0.25,0,0,0,0,0,0,0,0,0,0,0.340011,0.0945131,0.277971,0
1,sm_89,4096,4096,512,0,1,0,0,0.25,0,0,0,0,0,0,0,0,0,0,0.742377,0.168955,0.227586,0
1,sm_89,4096,8192,512,0,1,0,0,0.25,0,0,0,0,0,0,0,0,0,0,2.09547,0.304761,0.145437,0
1,sm_89,4096,16384,512,0,1,0,0,0.25,0,0,0,0,0,0,0,0,0,0,4.91681,0.562129,0.114328,0
1,sm_89,4096,256,1024,0,1,0,0,0.25,0,0,0,0,0,0,0,0,0,0,0.0896857,0.0331295,0.369395,0
1,sm_89,4096,512,1024,0,1,0,0,0.25,0,0,0,0,0,0,0,0,0,0,0.159977,0.0535797,0.33492,0
1,sm_89,4096,1024,1024,0,1,0,0,0.25,0,0,0,0,0,0,0,0,0,0,0.328584,0.103681,0.315538,0
1,sm_89,4096,2048,1024,0,1,0,0,0.25,0,0,0,0,0,0,0,0,0,0,0.663791,0.168501,0.253846,0
1,sm_89,4096,4096,1024,0,1,0,0,0.25,0,0,0,0,0,0,0,0,0,0,1.50745,0.295234,0.19585,0
1,sm_89,4096,8192,1024,0,1,0,0,0.25,0,0,0,0,0,0,0,0,0,0,4.67754,0.611347,0.130699,0
1,sm_89,4096,16384,1024,0,1,0,0,0.25,0,0,0,0,0,0,0,0,0,0,10.9398,1.20684,0.110317,0
1,sm_89,4096,256,2048,0,1,0,0,0.25,0,0,0,0,0,0,0,0,0,0,0.181926,0.0577474,0.317422,0
1,sm_89,4096,512,2048,0,1,0,0,0.25,0,0,0,0,0,0,0,0,0,0,0.326133,0.0938212,0.287677,0
1,sm_89,4096,1024,2048,0,1,0,0,0.25,0,0,0,0,0,0,0,0,0,0,0.653474,0.194444,0.297555,0
1,sm_89,4096,2048,2048,0,1,0,0,0.25,0,0,0,0,0,0,0,0,0,0,1.31564,0.318535,0.242114,0
1,sm_89,4096,4096,2048,0,1,0,0,0.25,0,0,0,0,0,0,0,0,0,0,2.86677,0.566439,0.197588,0
1,sm_89,4096,8192,2048,0,1,0,0,0.25,0,0,0,0,0,0,0,0,0,0,9.55449,1.092,0.114292,0
1,sm_89,4096,16384,2048,0,1,0,0,0.25,0,0,0,0,0,0,0,0,0,0,21.9784,2.07367,0.0943505,0
1,sm_89,4096,256,4096,0,1,0,0,0.25,0,0,0,0,0,0,0,0,0,0,0.367127,0.108372,0.295188,0
1,sm_89,4096,512,4096,0,1,0,0,0.25,0,0,0,0,0,0,0,0,0,0,0.649475,0.173327,0.266872,0
1,sm_89,4096,1024,4096,0,1,0,0,0.25,0,0,0,0,0,0,0,0,0,0,1.30538,0.303702,0.232654,0
1,sm_89,4096,2048,4096,0,1,0,0,0.25,0,0,0,0,0,0,0,0,0,0,2.63898,0.582273,0.220644,0
1,sm_89,4096,4096,4096,0,1,0,0,0.25,0,0,0,0,0,0,0,0,0,0,5.65793,1.09161,0.192934,0
1,sm_89,4096,8192,4096,0,1,0,0,0.25,0,0,0,0,0,0,0,0,0,0,20.0321,2.08617,0.104141,0
1,sm_89,4096,16384,4096,0,1,0,0,0.25,0,0,0,0,0,0,0,0,0,0,46.2536,4.07862,0.0881796,0
1,sm_89,4096,256,8192,0,1,0,0,0.25,0,0,0,0,0,0,0,0,0,0,0.730968,0.230928,0.315921,0
1,sm_89,4096,512,8192,0,1,0,0,0.25,0,0,0,0,0,0,0,0,0,0,1.30348,0.355216,0.272514,0
1,sm_89,4096,1024,8192,0,1,0,0,0.25,0,0,0,0,0,0,0,0,0,0,2.60459,0.571048,0.219247,0
1,sm_89,4096,2048,8192,0,1,0,0,0.25,0,0,0,0,0,0,0,0,0,0,5.21381,1.13068,0.216863,0
1,sm_89,4096,4096,8192,0,1,0,0,0.25,0,0,0,0,0,0,0,0,0,0,10.882,2.06406,0.189677,0
1,sm_89,4096,8192,8192,0,1,0,0,0.25,0,0,0,0,0,0,0,0,0,0,40.5107,4.43072,0.109372,0
1,sm_89,4096,16384,8192,0,1,0,0,0.25,0,0,0,0,0,0,0,0,0,0,93.5696,8.68452,0.0928135,0
1,sm_89,4096,256,16384,0,1,0,0,0.25,0,0,0,0,0,0,0,0,0,0,1.45156,0.412327,0.284059,0
1,sm_89,4096,512,16384,0,1,0,0,0.25,0,0,0,0,0,0,0,0,0,0,2.57688,0.682925,0.26502,0
1,sm_89,4096,1024,16384,0,1,0,0,0.25,0,0,0,0,0,0,0,0,0,0,5.19067,1.08926,0.209849,0
1,sm_89,4096,2048,16384,0,1,0,0,0.25,0,0,0,0,0,0,0,0,0,0,10.4026,2.21775,0.213191,0
1,sm_89,4096,4096,16384,0,1,0,0,0.25,0,0,0,0,0,0,0,0,0,0,21.5753,4.01412,0.186052,0
1,sm_89,4096,8192,16384,0,1,0,0,0.25,0,0,0,0,0,0,0,0,0,0,81.8089,7.94545,0.0971221,0
1,sm_89,4096,16384,16384,0,1,0,0,0.25,0,0,0,0,0,0,0,0,0,0,190.014,15.7321,0.0827947,0
1,sm_89,8192,256,256,0,1,0,0,0.25,0,0,0,0,0,0,0,0,0,0,0.0434971,0.0188072,0.432378,0
1,sm_89,8192,512,256,0,1,0,0,0.25,0,0,0,0,0,0,0,0,0,0,0.0768349,0.0282676,0.3679,0
1,sm_89,8192,1024,256,0,1,0,0,0.25,0,0,0,0,0,0,0,0,0,0,0.163849,0.0478918,0.292292,0
1,sm_89,8192,2048,256,0,1,0,0,0.25,0,0,0,0,0,0,0,0,0,0,0.333516,0.0854288,0.256146,0
1,sm_89,8192,4096,256,0,1,0,0,0.25,0,0,0,0,0,0,0,0,0,0,0.715056,0.169791,0.237452,0
1,sm_89,8192,8192,256,0,1,0,0,0.25,0,0,0,0,0,0,0,0,0,0,2.10602,0.327111,0.155322,0
1,sm_89,8192,16384,256,0,1,0,0,0.25,0,0,0,0,0,0,0,0,0,0,4.84968,0.566945,0.116903,0
1,sm_89,8192,256,512,0,1,0,0,0.25,0,0,0,0,0,0,0,0,0,0,0.085341,0.0347788,0.407527,0
1,sm_89,8192,512,512,0,1,0,0,0.25,0,0,0,0,0,0,0,0,0,0,0.15692,0.0515438,0.328472,0
1,sm_89,8192,1024,512,0,1,0,0,0.25,0,0,0,0,0,0,0,0,0,0,0.327612,0.0899397,0.274531,0
1,sm_89,8192,2048,512,0,1,0,0,0.25,0,0,0,0,0,0,0,0,0,0,0.662973,0.169374,0.255476,0
1,sm_89,8192,4096,512,0,1,0,0,0.25,0,0,0,0,0,0,0,0,0,0,1.42012,0.313026,0.220422,0
1,sm_89,8192,8192,512,0,1,0,0,0.25,0,0,0,0,0,0,0,0,0,0,4.41303,0.599678,0.135888,0
1,sm_89,8192,16384,512,0,1,0,0,0.25,0,0,0,0,0,0,0,0,0,0,10.0764,1.1686,0.115974,0
1,sm_89,8192,256,1024,0,1,0,0,0.25,0,0,0,0,0,0,0,0,0,0,0.173412,0.0566445,0.326647,0
1,sm_89,8192,512,1024,0,1,0,0,0.25,0,0,0,0,0,0,0,0,0,0,0.310425,0.0929594,0.299459,0
1,sm_89,8192,1024,1024,0,1,0,0,0.25,0,0,0,0,0,0,0,0,0,0,0.653565,0.191892,0.293609,0
1,sm_89,8192,2048,1024,0,1,0,0,0.25,0,0,0,0,0,0,0,0,0,0,1.31205,0.320842,0.244534,0
1,sm_89,8192,4096,1024,0,1,0,0,0.25,0,0,0,0,0,0,0,0,0,0,2.7995,0.564614,0.201684,0
1,sm_89,8192,8192,1024,0,1,0,0,0.25,0,0,0,0,0,0,0,0,0,0,9.85633,1.16525,0.118224,0
1,sm_89,8192,16384,1024,0,1,0,0,0.25,0,0,0,0,0,0,0,0,0,0,22.3361,2.30215,0.103069,0
1,sm_89,8192,256,2048,0,1,0,0,0.25,0,0,0,0,0,0,0,0,0,0,0.353442,0.107066,0.302925,0
1,sm_89,8192,512,2048,0,1,0,0,0.25,0,0,0,0,0,0,0,0,0,0,0.62636,0.178421,0.284854,0
1,sm_89,8192,1024,2048,0,1,0,0,0.25,0,0,0,0,0,0,0,0,0,0,1.30964,0.298865,0.228203,0
1,sm_89,8192,2048,2048,0,1,0,0,0.25,0,0,0,0,0,0,0,0,0,0,2.62706,0.573669,0.218369,0
1,sm_89,8192,4096,2048,0,1,0,0,0.25,0,0,0,0,0,0,0,0,0,0,5.51415,1.07054,0.194144,0
1,sm_89,8192,8192,2048,0,1,0,0,0.25,0,0,0,0,0,0,0,0,0,0,19.6101,2.07613,0.10587,0
1,sm_89,8192,16384,2048,0,1,0,0,0.25,0,0,0,0,0,0,0,0,0,0,44.9243,4.04386,0.090015,0
1,sm_89,8192,256,4096,0,1,0,0,0.25,0,0,0,0,0,0,0,0,0,0,0.702777,0.208063,0.296058,0
1,sm_89,8192,512,4096,0,1,0,0,0.25,0,0,0,0,0,0,0,0,0,0,1.25374,0.320106,0.255321,0
1,sm_89,8192,1024,4096,0,1,0,0,0.25,0,0,0,0,0,0,0,0,0,0,2.63286,0.570915,0.216842,0
1,sm_89,8192,2048,4096,0,1,0,0,0.25,0,0,0,0,0,0,0,0,0,0,5.26044,1.12966,0.214745,0
1,sm_89,8192,4096,4096,0,1,0,0,0.25,0,0,0,0,0,0,0,0,0,0,10.8859,2.07134,0.190278,0
1,sm_89,8192,8192,4096,0,1,0,0,0.25,0,0,0,0,0,0,0,0,0,0,40.8283,4.06118,0.0994696,0
1,sm_89,8192,16384,4096,0,1,0,0,0.25,0,0,0,0,0,0,0,0,0,0,93.6286,7.99089,0.0853466,0
1,sm_89,8192,256,8192,0,1,0,0,0.25,0,0,0,0,0,0,0,0,0,0,1.4072,0.475373,0.337814,0
1,sm_89,8192,512,8192,0,1,0,0,0.25,0,0,0,0,0,0,0,0,0,0,2.50247,0.679826,0.271662,0
1,sm_89,8192,1024,8192,0,1,0,0,0.25,0,0,0,0,0,0,0,0,0,0,5.24543,1.09597,0.208939,0
1,sm_89,8192,2048,8192,0,1,0,0,0.25,0,0,0,0,0,0,0,0,0,0,10.401,2.21912,0.213356,0
1,sm_89,8192,4096,8192,0,1,0,0,0.25,0,0,0,0,0,0,0,0,0,0,21.2998,4.02011,0.18874,0
1,sm_89,8192,8192,8192,0,1,0,0,0.25,0,0,0,0,0,0,0,0,0,0,82.0011,8.72052,0.106346,0
1,sm_89,8192,16384,8192,0,1,0,0,0.25,0,0,0,0,0,0,0,0,0,0,188.23,17.133,0.0910216,0
1,sm_89,8192,256,16384,0,1,0,0,0.25,0,0,0,0,0,0,0,0,0,0,2.78998,0.768467,0.275438,0
1,sm_89,8192,512,16384,0,1,0,0,0.25,0,0,0,0,0,0,0,0,0,0,4.99347,1.27833,0.256,0
1,sm_89,8192,1024,16384,0,1,0,0,0.25,0,0,0,0,0,0,0,0,0,0,10.3271,2.13754,0.206983,0
1,sm_89,8192,2048,16384,0,1,0,0,0.25,0,0,0,0,0,0,0,0,0,0,20.7706,4.09052,0.196938,0
1,sm_89,8192,4096,16384,0,1,0,0,0.25,0,0,0,0,0,0,0,0,0,0,42.4259,7.91003,0.186444,0
1,sm_89,8192,8192,16384,0,1,0,0,0.25,0,0,0,0,0,0,0,0,0,0,164.839,15.6962,0.0952211,0
1,sm_89,8192,16384,16384,0,1,0,0,0.25,0,0,0,0,0,0,0,0,0,0,383.019,31.1084,0.0812189,0
1,sm_89,16384,256,256,0,1,0,0,0.25,0,0,0,0,0,0,0,0,0,0,0.0857659,0.0356496,0.415662,0
1,sm_89,16384,512,256,0,1,0,0,0.25,0,0,0,0,0,0,0,0,0,0,0.156902,0.0567289,0.361556,0
1,sm_89,16384,1024,256,0,1,0,0,0.25,0,0,0,0,0,0,0,0,0,0,0.328893,0.0958574,0.291454,0
1,sm_89,16384,2048,256,0,1,0,0,0.25,0,0,0,0,0,0,0,0,0,0,0.66426,0.183549,0.27632,0
1,sm_89,16384,4096,256,0,1,0,0,0.25,0,0,0,0,0,0,0,0,0,0,1.40585,0.366074,0.260393,0
1,sm_89,16384,8192,256,0,1,0,0,0.25,0,0,0,0,0,0,0,0,0,0,4.35588,0.722272,0.165816,0
1,sm_89,16384,16384,256,0,1,0,0,0.25,0,0,0,0,0,0,0,0,0,0,9.99872,1.20531,0.120546,0
1,sm_89,16384,256,512,0,1,0,0,0.25,0,0,0,0,0,0,0,0,0,0,0.17421,0.0592014,0.339827,0
1,sm_89,16384,512,512,0,1,0,0,0.25,0,0,0,0,0,0,0,0,0,0,0.309611,0.0920798,0.297404,0
1,sm_89,16384,1024,512,0,1,0,0,0.25,0,0,0,0,0,0,0,0,0,0,0.662484,0.161475,0.243742,0
1,sm_89,16384,2048,512,0,1,0,0,0.25,0,0,0,0,0,0,0,0,0,0,1.32154,0.347347,0.262834,0
1,sm_89,16384,4096,512,0,1,0,0,0.25,0,0,0,0,0,0,0,0,0,0,2.79598,0.60299,0.215663,0
1,sm_89,16384,8192,512,0,1,0,0,0.25,0,0,0,0,0,0,0,0,0,0,9.20129,1.16091,0.126168,0
1,sm_89,16384,16384,512,0,1,0,0,0.25,0,0,0,0,0,0,0,0,0,0,20.9345,2.28293,0.109051,0
1,sm_89,16384,256,1024,0,1,0,0,0.25,0,0,0,0,0,0,0,0,0,0,0.349442,0.10213,0.292266,0
1,sm_89,16384,512,1024,0,1,0,0,0.25,0,0,0,0,0,0,0,0,0,0,0.618927,0.175607,0.283729,0
1,sm_89,16384,1024,1024,0,1,0,0,0.25,0,0,0,0,0,0,0,0,0,0,1.30786,0.296468,0.226682,0
1,sm_89,16384,2048,1024,0,1,0,0,0.25,0,0,0,0,0,0,0,0,0,0,2.61182,0.572055,0.219026,0
1,sm_89,16384,4096,1024,0,1,0,0,0.25,0,0,0,0,0,0,0,0,0,0,5.40109,1.06649,0.197457,0
1,sm_89,16384,8192,1024,0,1,0,0,0.25,0,0,0,0,0,0,0,0,0,0,20.2911,2.27944,0.112337,0
1,sm_89,16384,16384,1024,0,1,0,0,0.25,0,0,0,0,0,0,0,0,0,0,45.6935,4.06509,0.0889644,0
1,sm_89,16384,256,2048,0,1,0,0,0.25,0,0,0,0,0,0,0,0,0,0,0.69777,0.204367,0.292886,0
1,sm_89,16384,512,2048,0,1,0,0,0.25,0,0,0,0,0,0,0,0,0,0,1.24072,0.332934,0.26834,0
1,sm_89,16384,1024,2048,0,1,0,0,0.25,0,0,0,0,0,0,0,0,0,0,2.62769,0.55597,0.211581,0
1,sm_89,16384,2048,2048,0,1,0,0,0.25,0,0,0,0,0,0,0,0,0,0,5.2388,1.11249,0.212356,0
1,sm_89,16384,4096,2048,0,1,0,0,0.25,0,0,0,0,0,0,0,0,0,0,10.8007,2.07226,0.191864,0
1,sm_89,16384,8192,2048,0,1,0,0,0.25,0,0,0,0,0,0,0,0,0,0,39.6214,4.05016,0.102221,0
1,sm_89,16384,16384,2048,0,1,0,0,0.25,0,0,0,0,0,0,0,0,0,0,91.8905,7.97205,0.086756,0
1,sm_89,16384,256,4096,0,1,0,0,0.25,0,0,0,0,0,0,0,0,0,0,1.39279,0.414936,0.297918,0
1,sm_89,16384,512,4096,0,1,0,0,0.25,0,0,0,0,0,0,0,0,0,0,2.47907,0.605135,0.244098,0
1,sm_89,16384,1024,4096,0,1,0,0,0.25,0,0,0,0,0,0,0,0,0,0,5.24397,1.09309,0.208448,0
1,sm_89,16384,2048,4096,0,1,0,0,0.25,0,0,0,0,0,0,0,0,0,0,10.4928,2.19628,0.209314,0
1,sm_89,16384,4096,4096,0,1,0,0,0.25,0,0,0,0,0,0,0,0,0,0,21.5603,4.00458,0.185738,0
1,sm_89,16384,8192,4096,0,1,0,0,0.25,0,0,0,0,0,0,0,0,0,0,81.2293,7.96119,0.0980089,0
1,sm_89,16384,16384,4096,0,1,0,0,0.25,0,0,0,0,0,0,0,0,0,0,189.082,15.7286,0.0831843,0
1,sm_89,16384,256,8192,0,1,0,0,0.25,0,0,0,0,0,0,0,0,0,0,2.77799,0.984491,0.35439,0
1,sm_89,16384,512,8192,0,1,0,0,0.25,0,0,0,0,0,0,0,0,0,0,4.93925,1.28634,0.260431,0
1,sm_89,16384,1024,8192,0,1,0,0,0.25,0,0,0,0,0,0,0,0,0,0,10.4546,2.13502,0.204218,0
1,sm_89,16384,2048,8192,0,1,0,0,0.25,0,0,0,0,0,0,0,0,0,0,20.7913,4.39919,0.211588,0
1,sm_89,16384,4096,8192,0,1,0,0,0.25,0,0,0,0,0,0,0,0,0,0,42.2701,7.91437,0.187234,0
1,sm_89,16384,8192,8192,0,1,0,0,0.25,0,0,0,0,0,0,0,0,0,0,163.904,15.7015,0.0957965,0
1,sm_89,16384,16384,8192,0,1,0,0,0.25,0,0,0,0,0,0,0,0,0,0,378.752,31.1105,0.0821394,0
1,sm_89,16384,256,16384,0,1,0,0,0.25,0,0,0,0,0,0,0,0,0,0,5.55097,1.45789,0.262638,0
1,sm_89,16384,512,16384,0,1,0,0,0.25,0,0,0,0,0,0,0,0,0,0,9.87532,2.52555,0.255744,0
1,sm_89,16384,1024,16384,0,1,0,0,0.25,0,0,0,0,0,0,0,0,0,0,20.6744,4.23723,0.20495,0
1,sm_89,16384,2048,16384,0,1,0,0,0.25,0,0,0,0,0,0,0,0,0,0,41.5311,8.11966,0.195508,0
1,sm_89,16384,4096,16384,0,1,0,0,0.25,0,0,0,0,0,0,0,0,0,0,84.3165,15.8451,0.187924,0
1,sm_89,16384,8192,16384,0,1,0,0,0.25,0,0,0,0,0,0,0,0,0,0,328.762,31.3527,0.0953659,0
1,sm_89,16384,16384,16384,0,1,0,0,0.25,0,0,0,0,0,0,0,0,0,0,764.971,62.1618,0.0812603,0
