algo,arch,m,k,n,meta_block_sz,block_sz,nn_row,mm_col,density,bm,bn,bk,wm,wn,wk,mm,mn,mk,nstage,spmm_time,gemm_time,speedup,error
2,sm_89,256,256,256,32,4,2,8,0.5,128,64,32,32,64,32,16,8,32,2,0.00410829,0.00411616,1.00192,0
2,sm_89,256,512,256,32,4,2,8,0.5,128,64,32,32,64,32,16,8,32,2,0.00569283,0.00559165,0.982226,0
2,sm_89,256,1024,256,32,4,2,8,0.5,128,64,32,32,64,32,16,8,32,2,0.00891933,0.00604896,0.678186,0
2,sm_89,256,2048,256,32,4,2,8,0.5,128,64,32,32,64,32,16,8,32,2,0.0161412,0.00970278,0.601119,0
2,sm_89,256,4096,256,32,4,2,8,0.5,128,64,32,32,64,32,16,8,32,2,0.0297412,0.0124695,0.419266,0
2,sm_89,256,8192,256,32,4,2,8,0.5,128,64,32,32,64,32,16,8,32,2,0.056989,0.0219806,0.385699,0
2,sm_89,256,16384,256,32,4,2,8,0.5,128,64,32,32,64,32,16,8,32,2,0.135157,0.0405384,0.299936,0
2,sm_89,256,256,512,32,4,2,8,0.5,128,64,32,32,64,32,16,8,32,2,0.00415933,0.00470528,1.13126,0
2,sm_89,256,512,512,32,4,2,8,0.5,128,64,32,32,64,32,16,8,32,2,0.0058024,0.00586762,1.01124,0
2,sm_89,256,1024,512,32,4,2,8,0.5,128,64,32,32,64,32,16,8,32,2,0.00895539,0.00843878,0.942313,0
2,sm_89,256,2048,512,32,4,2,8,0.5,128,64,32,32,64,32,16,8,32,2,0.0162492,0.0117601,0.723733,0
2,sm_89,256,4096,512,32,4,2,8,0.5,128,64,32,32,64,32,16,8,32,2,0.0298162,0.0249586,0.837082,0
2,sm_89,256,8192,512,32,4,2,8,0.5,128,64,32,32,64,32,16,8,32,2,0.0716233,0.0369506,0.515902,0
2,sm_89,256,16384,512,32,4,2,8,0.5,128,64,32,32,64,32,16,8,32,2,0.136056,0.0485822,0.357074,0
2,sm_89,256,256,1024,32,4,2,8,0.5,128,64,32,32,64,32,16,8,32,2,0.00420138,0.00586774,1.39662,0
2,sm_89,256,512,1024,32,4,2,8,0.5,128,64,32,32,64,32,16,8,32,2,0.005792,0.00673693,1.16314,0
2,sm_89,256,1024,1024,32,4,2,8,0.5,128,64,32,32,64,32,16,8,32,2,0.00903734,0.0106938,1.18329,0
2,sm_89,256,2048,1024,32,4,2,8,0.5,128,64,32,32,64,32,16,8,32,2,0.0154402,0.0172797,1.11914,0
2,sm_89,256,4096,1024,32,4,2,8,0.5,128,64,32,32,64,32,16,8,32,2,0.0379953,0.0292324,0.769368,0
2,sm_89,256,8192,1024,32,4,2,8,0.5,128,64,32,32,64,32,16,8,32,2,0.0728755,0.0456971,0.627058,0
2,sm_89,256,16384,1024,32,4,2,8,0.5,128,64,32,32,64,32,16,8,32,2,0.137086,0.0761579,0.555549,0
2,sm_89,256,256,2048,32,4,2,8,0.5,128,64,32,32,64,32,16,8,32,2,0.00463555,0.00652144,1.40683,0
2,sm_89,256,512,2048,32,4,2,8,0.5,128,64,32,32,64,32,16,8,32,2,0.0062417,0.00898822,1.44003,0
2,sm_89,256,1024,2048,32,4,2,8,0.5,128,64,32,32,64,32,16,8,32,2,0.00940406,0.0140835,1.49759,0
2,sm_89,256,2048,2048,32,4,2,8,0.5,128,64,32,32,64,32,16,8,32,2,0.0219006,0.0271341,1.23896,0
2,sm_89,256,4096,2048,32,4,2,8,0.5,128,64,32,32,64,32,16,8,32,2,0.0414945,0.0499399,1.20353,0
2,sm_89,256,8192,2048,32,4,2,8,0.5,128,64,32,32,64,32,16,8,32,2,0.0761134,0.0895464,1.17649,0
2,sm_89,256,16384,2048,32,4,2,8,0.5,128,64,32,32,64,32,16,8,32,2,0.146427,0.147315,1.00606,0
2,sm_89,256,256,4096,32,4,2,8,0.5,128,64,32,32,64,32,16,8,32,2,0.00665075,0.0118639,1.78384,0
2,sm_89,256,512,4096,32,4,2,8,0.5,128,64,32,32,64,32,16,8,32,2,0.00880454,0.0145408,1.65151,0
2,sm_89,256,1024,4096,32,4,2,8,0.5,128,64,32,32,64,32,16,8,32,2,0.0167663,0.0313425,1.86937,0
2,sm_89,256,2048,4096,32,4,2,8,0.5,128,64,32,32,64,32,16,8,32,2,0.0299652,0.0559342,1.86664,0
2,sm_89,256,4096,4096,32,4,2,8,0.5,128,64,32,32,64,32,16,8,32,2,0.0526504,0.0933715,1.77342,0
2,sm_89,256,8192,4096,32,4,2,8,0.5,128,64,32,32,64,32,16,8,32,2,0.103468,0.175043,1.69176,0
2,sm_89,256,16384,4096,32,4,2,8,0.5,128,64,32,32,64,32,16,8,32,2,0.190162,0.346488,1.82207,0
2,sm_89,256,256,8192,32,4,2,8,0.5,128,64,32,32,64,32,16,8,32,2,0.0128291,0.0176364,1.37472,0
2,sm_89,256,512,8192,32,4,2,8,0.5,128,64,32,32,64,32,16,8,32,2,0.0204812,0.0249343,1.21742,0
2,sm_89,256,1024,8192,32,4,2,8,0.5,128,64,32,32,64,32,16,8,32,2,0.0348655,0.042614,1.22224,0
2,sm_89,256,2048,8192,32,4,2,8,0.5,128,64,32,32,64,32,16,8,32,2,0.0612811,0.102584,1.67399,0
2,sm_89,256,4096,8192,32,4,2,8,0.5,128,64,32,32,64,32,16,8,32,2,0.110705,0.188148,1.69955,0
2,sm_89,256,8192,8192,32,4,2,8,0.5,128,64,32,32,64,32,16,8,32,2,0.237979,0.337032,1.41623,0
2,sm_89,256,16384,8192,32,4,2,8,0.5,128,64,32,32,64,32,16,8,32,2,0.461391,0.54858,1.18897,0
2,sm_89,256,256,16384,32,4,2,8,0.5,128,64,32,32,64,32,16,8,32,2,0.0259622,0.0346398,1.33424,0
2,sm_89,256,512,16384,32,4,2,8,0.5,128,64,32,32,64,32,16,8,32,2,0.0369065,0.0531282,1.43954,0
2,sm_89,256,1024,16384,32,4,2,8,0.5,128,64,32,32,64,32,16,8,32,2,0.0606934,0.0902275,1.48661,0
2,sm_89,256,2048,16384,32,4,2,8,0.5,128,64,32,32,64,32,16,8,32,2,0.107616,0.163999,1.52393,0
2,sm_89,256,4096,16384,32,4,2,8,0.5,128,64,32,32,64,32,16,8,32,2,0.193729,0.314843,1.62517,0
2,sm_89,256,8192,16384,32,4,2,8,0.5,128,64,32,32,64,32,16,8,32,2,0.402025,0.612115,1.52258,0
2,sm_89,256,16384,16384,32,4,2,8,0.5,128,64,32,32,64,32,16,8,32,2,0.761624,1.36875,1.79715,0
2,sm_89,512,256,256,32,4,2,8,0.5,128,64,32,32,64,32,16,8,32,2,0.00403648,0.00454685,1.12644,0
2,sm_89,512,512,256,32,4,2,8,0.5,128,64,32,32,64,32,16,8,32,2,0.00570624,0.00591984,1.03743,0
2,sm_89,512,1024,256,32,4,2,8,0.5,128,64,32,32,64,32,16,8,32,2,0.00884726,0.00844739,0.954803,0
2,sm_89,512,2048,256,32,4,2,8,0.5,128,64,32,32,64,32,16,8,32,2,0.0152717,0.0112831,0.738823,0
2,sm_89,512,4096,256,32,4,2,8,0.5,128,64,32,32,64,32,16,8,32,2,0.0298263,0.0189995,0.637005,0
2,sm_89,512,8192,256,32,4,2,8,0.5,128,64,32,32,64,32,16,8,32,2,0.0688033,0.0300285,0.436439,0
2,sm_89,512,16384,256,32,4,2,8,0.5,128,64,32,32,64,32,16,8,32,2,0.132916,0.0502293,0.377903,0
2,sm_89,512,256,512,32,4,2,8,0.5,128,64,32,32,64,32,16,8,32,2,0.00410282,0.00508003,1.23818,0
2,sm_89,512,512,512,32,4,2,8,0.5,128,64,32,32,64,32,16,8,32,2,0.00566157,0.00659402,1.1647,0
2,sm_89,512,1024,512,32,4,2,8,0.5,128,64,32,32,64,32,16,8,32,2,0.00888285,0.00993632,1.1186,0
2,sm_89,512,2048,512,32,4,2,8,0.5,128,64,32,32,64,32,16,8,32,2,0.0153231,0.0163468,1.06681,0
2,sm_89,512,4096,512,32,4,2,8,0.5,128,64,32,32,64,32,16,8,32,2,0.0336172,0.0327816,0.975143,0
2,sm_89,512,8192,512,32,4,2,8,0.5,128,64,32,32,64,32,16,8,32,2,0.0720901,0.0486219,0.67446,0
2,sm_89,512,16384,512,32,4,2,8,0.5,128,64,32,32,64,32,16,8,32,2,0.138011,0.0901457,0.653177,0
2,sm_89,512,256,1024,32,4,2,8,0.5,128,64,32,32,64,32,16,8,32,2,0.00444576,0.00637392,1.43371,0
2,sm_89,512,512,1024,32,4,2,8,0.5,128,64,32,32,64,32,16,8,32,2,0.00606582,0.00895958,1.47706,0
2,sm_89,512,1024,1024,32,4,2,8,0.5,128,64,32,32,64,32,16,8,32,2,0.00933475,0.0142051,1.52174,0
2,sm_89,512,2048,1024,32,4,2,8,0.5,128,64,32,32,64,32,16,8,32,2,0.01638,0.0253415,1.5471,0
2,sm_89,512,4096,1024,32,4,2,8,0.5,128,64,32,32,64,32,16,8,32,2,0.0396855,0.0488034,1.22975,0
2,sm_89,512,8192,1024,32,4,2,8,0.5,128,64,32,32,64,32,16,8,32,2,0.0719045,0.0872438,1.21333,0
2,sm_89,512,16384,1024,32,4,2,8,0.5,128,64,32,32,64,32,16,8,32,2,0.138493,0.173733,1.25445,0
2,sm_89,512,256,2048,32,4,2,8,0.5,128,64,32,32,64,32,16,8,32,2,0.00605357,0.0124218,2.05198,0
2,sm_89,512,512,2048,32,4,2,8,0.5,128,64,32,32,64,32,16,8,32,2,0.00833536,0.0190238,2.28231,0
2,sm_89,512,1024,2048,32,4,2,8,0.5,128,64,32,32,64,32,16,8,32,2,0.0133369,0.0337954,2.53397,0
2,sm_89,512,2048,2048,32,4,2,8,0.5,128,64,32,32,64,32,16,8,32,2,0.0263313,0.0629475,2.3906,0
2,sm_89,512,4096,2048,32,4,2,8,0.5,128,64,32,32,64,32,16,8,32,2,0.0451719,0.0912097,2.01917,0
2,sm_89,512,8192,2048,32,4,2,8,0.5,128,64,32,32,64,32,16,8,32,2,0.0916489,0.167475,1.82735,0
2,sm_89,512,16384,2048,32,4,2,8,0.5,128,64,32,32,64,32,16,8,32,2,0.167302,0.304717,1.82136,0
2,sm_89,512,256,4096,32,4,2,8,0.5,128,64,32,32,64,32,16,8,32,2,0.0110851,0.0148087,1.33591,0
2,sm_89,512,512,4096,32,4,2,8,0.5,128,64,32,32,64,32,16,8,32,2,0.0170542,0.0242997,1.42485,0
2,sm_89,512,1024,4096,32,4,2,8,0.5,128,64,32,32,64,32,16,8,32,2,0.0303156,0.0424268,1.39951,0
2,sm_89,512,2048,4096,32,4,2,8,0.5,128,64,32,32,64,32,16,8,32,2,0.0524793,0.0814317,1.55169,0
2,sm_89,512,4096,4096,32,4,2,8,0.5,128,64,32,32,64,32,16,8,32,2,0.0955229,0.154221,1.61449,0
2,sm_89,512,8192,4096,32,4,2,8,0.5,128,64,32,32,64,32,16,8,32,2,0.202113,0.301198,1.49024,0
2,sm_89,512,16384,4096,32,4,2,8,0.5,128,64,32,32,64,32,16,8,32,2,0.380505,0.595129,1.56405,0
2,sm_89,512,256,8192,32,4,2,8,0.5,128,64,32,32,64,32,16,8,32,2,0.0248457,0.0352316,1.41802,0
2,sm_89,512,512,8192,32,4,2,8,0.5,128,64,32,32,64,32,16,8,32,2,0.0326219,0.0525778,1.61173,0
2,sm_89,512,1024,8192,32,4,2,8,0.5,128,64,32,32,64,32,16,8,32,2,0.0508616,0.0857454,1.68586,0
2,sm_89,512,2048,8192,32,4,2,8,0.5,128,64,32,32,64,32,16,8,32,2,0.0877019,0.160378,1.82867,0
2,sm_89,512,4096,8192,32,4,2,8,0.5,128,64,32,32,64,32,16,8,32,2,0.167083,0.296715,1.77585,0
2,sm_89,512,8192,8192,32,4,2,8,0.5,128,64,32,32,64,32,16,8,32,2,0.355524,0.740764,2.08358,0
2,sm_89,512,16384,8192,32,4,2,8,0.5,128,64,32,32,64,32,16,8,32,2,0.657831,1.46632,2.22902,0
2,sm_89,512,256,16384,32,4,2,8,0.5,128,64,32,32,64,32,16,8,32,2,0.0446083,0.0684824,1.53519,0
2,sm_89,512,512,16384,32,4,2,8,0.5,128,64,32,32,64,32,16,8,32,2,0.059752,0.104506,1.74899,0
2,sm_89,512,1024,16384,32,4,2,8,0.5,128,64,32,32,64,32,16,8,32,2,0.0904124,0.164567,1.82018,0
2,sm_89,512,2048,16384,32,4,2,8,0.5,128,64,32,32,64,32,16,8,32,2,0.160596,0.350229,2.1808,0
2,sm_89,512,4096,16384,32,4,2,8,0.5,128,64,32,32,64,32,16,8,32,2,0.310351,0.695426,2.24077,0
2,sm_89,512,8192,16384,32,4,2,8,0.5,128,64,32,32,64,32,16,8,32,2,0.629378,1.35504,2.15299,0
2,sm_89,512,16384,16384,32,4,2,8,0.5,128,64,32,32,64,32,16,8,32,2,1.20842,2.68643,2.22309,0
2,sm_89,1024,256,256,32,4,2,8,0.5,128,64,32,32,64,32,16,8,32,2,0.0041231,0.00516643,1.25304,0
2,sm_89,1024,512,256,32,4,2,8,0.5,128,64,32,32,64,32,16,8,32,2,0.00565712,0.00665334,1.1761,0
2,sm_89,1024,1024,256,32,4,2,8,0.5,128,64,32,32,64,32,16,8,32,2,0.00890192,0.0102141,1.1474,0
2,sm_89,1024,2048,256,32,4,2,8,0.5,128,64,32,32,64,32,16,8,32,2,0.0152841,0.0167667,1.09701,0
2,sm_89,1024,4096,256,32,4,2,8,0.5,128,64,32,32,64,32,16,8,32,2,0.0299676,0.0328302,1.09552,0
2,sm_89,1024,8192,256,32,4,2,8,0.5,128,64,32,32,64,32,16,8,32,2,0.0714247,0.0498785,0.698337,0
2,sm_89,1024,16384,256,32,4,2,8,0.5,128,64,32,32,64,32,16,8,32,2,0.135229,0.0841986,0.622638,0
2,sm_89,1024,256,512,32,4,2,8,0.5,128,64,32,32,64,32,16,8,32,2,0.00446874,0.00632208,1.41474,0
2,sm_89,1024,512,512,32,4,2,8,0.5,128,64,32,32,64,32,16,8,32,2,0.00598582,0.00858877,1.43485,0
2,sm_89,1024,1024,512,32,4,2,8,0.5,128,64,32,32,64,32,16,8,32,2,0.00918765,0.0135966,1.47988,0
2,sm_89,1024,2048,512,32,4,2,8,0.5,128,64,32,32,64,32,16,8,32,2,0.015763,0.0248358,1.57557,0
2,sm_89,1024,4096,512,32,4,2,8,0.5,128,64,32,32,64,32,16,8,32,2,0.0396372,0.0469745,1.18511,0
2,sm_89,1024,8192,512,32,4,2,8,0.5,128,64,32,32,64,32,16,8,32,2,0.0739927,0.0846551,1.1441,0
2,sm_89,1024,16384,512,32,4,2,8,0.5,128,64,32,32,64,32,16,8,32,2,0.138415,0.173062,1.25031,0
2,sm_89,1024,256,1024,32,4,2,8,0.5,128,64,32,32,64,32,16,8,32,2,0.00593418,0.00988301,1.66544,0
2,sm_89,1024,512,1024,32,4,2,8,0.5,128,64,32,32,64,32,16,8,32,2,0.00830605,0.0131635,1.5848,0
2,sm_89,1024,1024,1024,32,4,2,8,0.5,128,64,32,32,64,32,16,8,32,2,0.0128705,0.0224461,1.744,0
2,sm_89,1024,2048,1024,32,4,2,8,0.5,128,64,32,32,64,32,16,8,32,2,0.0235539,0.0413444,1.75531,0
2,sm_89,1024,4096,1024,32,4,2,8,0.5,128,64,32,32,64,32,16,8,32,2,0.0444421,0.080281,1.80642,0
2,sm_89,1024,8192,1024,32,4,2,8,0.5,128,64,32,32,64,32,16,8,32,2,0.0838477,0.153905,1.83553,0
2,sm_89,1024,16384,1024,32,4,2,8,0.5,128,64,32,32,64,32,16,8,32,2,0.163247,0.303485,1.85905,0
2,sm_89,1024,256,2048,32,4,2,8,0.5,128,64,32,32,64,32,16,8,32,2,0.0094032,0.0164183,1.74603,0
2,sm_89,1024,512,2048,32,4,2,8,0.5,128,64,32,32,64,32,16,8,32,2,0.0155968,0.0265961,1.70522,0
2,sm_89,1024,1024,2048,32,4,2,8,0.5,128,64,32,32,64,32,16,8,32,2,0.0267103,0.0424121,1.58785,0
2,sm_89,1024,2048,2048,32,4,2,8,0.5,128,64,32,32,64,32,16,8,32,2,0.0502832,0.0798953,1.58891,0
2,sm_89,1024,4096,2048,32,4,2,8,0.5,128,64,32,32,64,32,16,8,32,2,0.0905947,0.150817,1.66475,0
2,sm_89,1024,8192,2048,32,4,2,8,0.5,128,64,32,32,64,32,16,8,32,2,0.177543,0.295772,1.66592,0
2,sm_89,1024,16384,2048,32,4,2,8,0.5,128,64,32,32,64,32,16,8,32,2,0.359477,0.563297,1.56699,0
2,sm_89,1024,256,4096,32,4,2,8,0.5,128,64,32,32,64,32,16,8,32,2,0.0226957,0.031765,1.3996,0
2,sm_89,1024,512,4096,32,4,2,8,0.5,128,64,32,32,64,32,16,8,32,2,0.0311215,0.049163,1.57971,0
2,sm_89,1024,1024,4096,32,4,2,8,0.5,128,64,32,32,64,32,16,8,32,2,0.0469002,0.0867855,1.85043,0
2,sm_89,1024,2048,4096,32,4,2,8,0.5,128,64,32,32,64,32,16,8,32,2,0.0824898,0.174272,2.11265,0
2,sm_89,1024,4096,4096,32,4,2,8,0.5,128,64,32,32,64,32,16,8,32,2,0.158793,0.322292,2.02963,0
2,sm_89,1024,8192,4096,32,4,2,8,0.5,128,64,32,32,64,32,16,8,32,2,0.31026,0.628502,2.02573,0
2,sm_89,1024,16384,4096,32,4,2,8,0.5,128,64,32,32,64,32,16,8,32,2,0.622009,1.05779,1.70061,0
2,sm_89,1024,256,8192,32,4,2,8,0.5,128,64,32,32,64,32,16,8,32,2,0.042272,0.0634388,1.50073,0
2,sm_89,1024,512,8192,32,4,2,8,0.5,128,64,32,32,64,32,16,8,32,2,0.0582542,0.0978209,1.67921,0
2,sm_89,1024,1024,8192,32,4,2,8,0.5,128,64,32,32,64,32,16,8,32,2,0.0871737,0.166876,1.9143,0
2,sm_89,1024,2048,8192,32,4,2,8,0.5,128,64,32,32,64,32,16,8,32,2,0.153669,0.310382,2.0198,0
2,sm_89,1024,4096,8192,32,4,2,8,0.5,128,64,32,32,64,32,16,8,32,2,0.294523,0.596999,2.027,0
2,sm_89,1024,8192,8192,32,4,2,8,0.5,128,64,32,32,64,32,16,8,32,2,0.578991,1.17528,2.02988,0
2,sm_89,1024,16384,8192,32,4,2,8,0.5,128,64,32,32,64,32,16,8,32,2,1.17558,2.34242,1.99257,0
2,sm_89,1024,256,16384,32,4,2,8,0.5,128,64,32,32,64,32,16,8,32,2,0.0801505,0.114355,1.42675,0
2,sm_89,1024,512,16384,32,4,2,8,0.5,128,64,32,32,64,32,16,8,32,2,0.108506,0.179636,1.65554,0
2,sm_89,1024,1024,16384,32,4,2,8,0.5,128,64,32,32,64,32,16,8,32,2,0.165498,0.299754,1.81123,0
2,sm_89,1024,2048,16384,32,4,2,8,0.5,128,64,32,32,64,32,16,8,32,2,0.295954,0.565178,1.90968,0
2,sm_89,1024,4096,16384,32,4,2,8,0.5,128,64,32,32,64,32,16,8,32,2,0.563426,1.10727,1.96524,0
2,sm_89,1024,8192,16384,32,4,2,8,0.5,128,64,32,32,64,32,16,8,32,2,1.13287,2.23444,1.97237,0
2,sm_89,1024,16384,16384,32,4,2,8,0.5,128,64,32,32,64,32,16,8,32,2,2.28599,4.45754,1.94994,0
2,sm_89,2048,256,256,32,4,2,8,0.5,128,64,32,32,64,32,16,8,32,2,0.00448678,0.00665283,1.48276,0
2,sm_89,2048,512,256,32,4,2,8,0.5,128,64,32,32,64,32,16,8,32,2,0.00602429,0.00927834,1.54015,0
2,sm_89,2048,1024,256,32,4,2,8,0.5,128,64,32,32,64,32,16,8,32,2,0.00925555,0.0145215,1.56895,0
2,sm_89,2048,2048,256,32,4,2,8,0.5,128,64,32,32,64,32,16,8,32,2,0.0166297,0.0262792,1.58026,0
2,sm_89,2048,4096,256,32,4,2,8,0.5,128,64,32,32,64,32,16,8,32,2,0.0397901,0.048498,1.21885,0
2,sm_89,2048,8192,256,32,4,2,8,0.5,128,64,32,32,64,32,16,8,32,2,0.0726248,0.0919571,1.26619,0
2,sm_89,2048,16384,256,32,4,2,8,0.5,128,64,32,32,64,32,16,8,32,2,0.14026,0.169808,1.21066,0
2,sm_89,2048,256,512,32,4,2,8,0.5,128,64,32,32,64,32,16,8,32,2,0.00590317,0.0091081,1.54292,0
2,sm_89,2048,512,512,32,4,2,8,0.5,128,64,32,32,64,32,16,8,32,2,0.00798762,0.013551,1.6965,0
2,sm_89,2048,1024,512,32,4,2,8,0.5,128,64,32,32,64,32,16,8,32,2,0.0128159,0.0235213,1.83532,0
2,sm_89,2048,2048,512,32,4,2,8,0.5,128,64,32,32,64,32,16,8,32,2,0.0240991,0.0437726,1.81636,0
2,sm_89,2048,4096,512,32,4,2,8,0.5,128,64,32,32,64,32,16,8,32,2,0.0441861,0.0808696,1.8302,0
2,sm_89,2048,8192,512,32,4,2,8,0.5,128,64,32,32,64,32,16,8,32,2,0.0839452,0.172564,2.05568,0
2,sm_89,2048,16384,512,32,4,2,8,0.5,128,64,32,32,64,32,16,8,32,2,0.164101,0.324272,1.97605,0
2,sm_89,2048,256,1024,32,4,2,8,0.5,128,64,32,32,64,32,16,8,32,2,0.00924694,0.0146128,1.58028,0
2,sm_89,2048,512,1024,32,4,2,8,0.5,128,64,32,32,64,32,16,8,32,2,0.0142835,0.0242333,1.69659,0
2,sm_89,2048,1024,1024,32,4,2,8,0.5,128,64,32,32,64,32,16,8,32,2,0.0263345,0.0423456,1.60799,0
2,sm_89,2048,2048,1024,32,4,2,8,0.5,128,64,32,32,64,32,16,8,32,2,0.0487052,0.080969,1.66243,0
2,sm_89,2048,4096,1024,32,4,2,8,0.5,128,64,32,32,64,32,16,8,32,2,0.0888633,0.151697,1.70708,0
2,sm_89,2048,8192,1024,32,4,2,8,0.5,128,64,32,32,64,32,16,8,32,2,0.183248,0.296382,1.61738,0
2,sm_89,2048,16384,1024,32,4,2,8,0.5,128,64,32,32,64,32,16,8,32,2,0.346291,0.58757,1.69675,0
2,sm_89,2048,256,2048,32,4,2,8,0.5,128,64,32,32,64,32,16,8,32,2,0.0218047,0.0311039,1.42648,0
2,sm_89,2048,512,2048,32,4,2,8,0.5,128,64,32,32,64,32,16,8,32,2,0.0303424,0.0525808,1.73291,0
2,sm_89,2048,1024,2048,32,4,2,8,0.5,128,64,32,32,64,32,16,8,32,2,0.0476163,0.0898355,1.88666,0
2,sm_89,2048,2048,2048,32,4,2,8,0.5,128,64,32,32,64,32,16,8,32,2,0.0817557,0.171442,2.09701,0
2,sm_89,2048,4096,2048,32,4,2,8,0.5,128,64,32,32,64,32,16,8,32,2,0.156627,0.321649,2.05359,0
2,sm_89,2048,8192,2048,32,4,2,8,0.5,128,64,32,32,64,32,16,8,32,2,0.30634,0.625478,2.04178,0
2,sm_89,2048,16384,2048,32,4,2,8,0.5,128,64,32,32,64,32,16,8,32,2,0.611924,1.20684,1.97221,0
2,sm_89,2048,256,4096,32,4,2,8,0.5,128,64,32,32,64,32,16,8,32,2,0.0403831,0.0699829,1.73298,0
2,sm_89,2048,512,4096,32,4,2,8,0.5,128,64,32,32,64,32,16,8,32,2,0.0561677,0.0973355,1.73294,0
2,sm_89,2048,1024,4096,32,4,2,8,0.5,128,64,32,32,64,32,16,8,32,2,0.0879138,0.165239,1.87955,0
2,sm_89,2048,2048,4096,32,4,2,8,0.5,128,64,32,32,64,32,16,8,32,2,0.155069,0.320315,2.06562,0
2,sm_89,2048,4096,4096,32,4,2,8,0.5,128,64,32,32,64,32,16,8,32,2,0.293576,0.628909,2.14224,0
2,sm_89,2048,8192,4096,32,4,2,8,0.5,128,64,32,32,64,32,16,8,32,2,0.573969,1.24623,2.17126,0
2,sm_89,2048,16384,4096,32,4,2,8,0.5,128,64,32,32,64,32,16,8,32,2,1.17218,2.48396,2.1191,0
2,sm_89,2048,256,8192,32,4,2,8,0.5,128,64,32,32,64,32,16,8,32,2,0.0773448,0.125824,1.6268,0
2,sm_89,2048,512,8192,32,4,2,8,0.5,128,64,32,32,64,32,16,8,32,2,0.106795,0.188798,1.76786,0
2,sm_89,2048,1024,8192,32,4,2,8,0.5,128,64,32,32,64,32,16,8,32,2,0.169168,0.316793,1.87266,0
2,sm_89,2048,2048,8192,32,4,2,8,0.5,128,64,32,32,64,32,16,8,32,2,0.290555,0.615833,2.11951,0
2,sm_89,2048,4096,8192,32,4,2,8,0.5,128,64,32,32,64,32,16,8,32,2,0.559078,1.2109,2.16589,0
2,sm_89,2048,8192,8192,32,4,2,8,0.5,128,64,32,32,64,32,16,8,32,2,1.1311,2.38809,2.11129,0
2,sm_89,2048,16384,8192,32,4,2,8,0.5,128,64,32,32,64,32,16,8,32,2,2.31805,4.76766,2.05676,0
2,sm_89,2048,256,16384,32,4,2,8,0.5,128,64,32,32,64,32,16,8,32,2,0.148985,0.23588,1.58324,0
2,sm_89,2048,512,16384,32,4,2,8,0.5,128,64,32,32,64,32,16,8,32,2,0.207294,0.356006,1.71739,0
2,sm_89,2048,1024,16384,32,4,2,8,0.5,128,64,32,32,64,32,16,8,32,2,0.327244,0.621029,1.89776,0
2,sm_89,2048,2048,16384,32,4,2,8,0.5,128,64,32,32,64,32,16,8,32,2,0.560668,1.09359,1.95052,0
2,sm_89,2048,4096,16384,32,4,2,8,0.5,128,64,32,32,64,32,16,8,32,2,1.09987,2.14943,1.95426,0
2,sm_89,2048,8192,16384,32,4,2,8,0.5,128,64,32,32,64,32,16,8,32,2,2.27287,4.14761,1.82483,0
2,sm_89,2048,16384,16384,32,4,2,8,0.5,128,64,32,32,64,32,16,8,32,2,4.58319,8.25795,1.80179,0
2,sm_89,4096,256,256,32,4,2,8,0.5,128,64,32,32,64,32,16,8,32,2,0.00629728,0.0106092,1.68473,0
2,sm_89,4096,512,256,32,4,2,8,0.5,128,64,32,32,64,32,16,8,32,2,0.00853632,0.0150438,1.76233,0
2,sm_89,4096,1024,256,32,4,2,8,0.5,128,64,32,32,64,32,16,8,32,2,0.013271,0.0255404,1.92453,0
2,sm_89,4096,2048,256,32,4,2,8,0.5,128,64,32,32,64,32,16,8,32,2,0.0246439,0.0440172,1.78613,0
2,sm_89,4096,4096,256,32,4,2,8,0.5,128,64,32,32,64,32,16,8,32,2,0.0442792,0.0816322,1.84358,0
2,sm_89,4096,8192,256,32,4,2,8,0.5,128,64,32,32,64,32,16,8,32,2,0.0827971,0.159494,1.92633,0
2,sm_89,4096,16384,256,32,4,2,8,0.5,128,64,32,32,64,32,16,8,32,2,0.16374,0.312366,1.9077,0
2,sm_89,4096,256,512,32,4,2,8,0.5,128,64,32,32,64,32,16,8,32,2,0.00936186,0.0160908,1.71876,0
2,sm_89,4096,512,512,32,4,2,8,0.5,128,64,32,32,64,32,16,8,32,2,0.0151703,0.0245099,1.61565,0
2,sm_89,4096,1024,512,32,4,2,8,0.5,128,64,32,32,64,32,16,8,32,2,0.0261838,0.0424696,1.62198,0
2,sm_89,4096,2048,512,32,4,2,8,0.5,128,64,32,32,64,32,16,8,32,2,0.048714,0.0843716,1.73198,0
2,sm_89,4096,4096,512,32,4,2,8,0.5,128,64,32,32,64,32,16,8,32,2,0.088803,0.158846,1.78875,0
2,sm_89,4096,8192,512,32,4,2,8,0.5,128,64,32,32,64,32,16,8,32,2,0.173398,0.310762,1.79219,0
2,sm_89,4096,16384,512,32,4,2,8,0.5,128,64,32,32,64,32,16,8,32,2,0.347279,0.612993,1.76513,0
2,sm_89,4096,256,1024,32,4,2,8,0.5,128,64,32,32,64,32,16,8,32,2,0.0214708,0.035557,1.65607,0
2,sm_89,4096,512,1024,32,4,2,8,0.5,128,64,32,32,64,32,16,8,32,2,0.0306955,0.049372,1.60844,0
2,sm_89,4096,1024,1024,32,4,2,8,0.5,128,64,32,32,64,32,16,8,32,2,0.0478073,0.0832565,1.7415,0
2,sm_89,4096,2048,1024,32,4,2,8,0.5,128,64,32,32,64,32,16,8,32,2,0.0816285,0.153645,1.88225,0
2,sm_89,4096,4096,1024,32,4,2,8,0.5,128,64,32,32,64,32,16,8,32,2,0.156233,0.294867,1.88736,0
2,sm_89,4096,8192,1024,32,4,2,8,0.5,128,64,32,32,64,32,16,8,32,2,0.305188,0.576376,1.88859,0
2,sm_89,4096,16384,1024,32,4,2,8,0.5,128,64,32,32,64,32,16,8,32,2,0.613779,1.14153,1.85983,0
2,sm_89,4096,256,2048,32,4,2,8,0.5,128,64,32,32,64,32,16,8,32,2,0.038564,0.05511,1.42905,0
2,sm_89,4096,512,2048,32,4,2,8,0.5,128,64,32,32,64,32,16,8,32,2,0.0550244,0.099817,1.81405,0
2,sm_89,4096,1024,2048,32,4,2,8,0.5,128,64,32,32,64,32,16,8,32,2,0.0877538,0.165179,1.8823,0
2,sm_89,4096,2048,2048,32,4,2,8,0.5,128,64,32,32,64,32,16,8,32,2,0.15269,0.318175,2.0838,0
2,sm_89,4096,4096,2048,32,4,2,8,0.5,128,64,32,32,64,32,16,8,32,2,0.291431,0.625878,2.1476,0
2,sm_89,4096,8192,2048,32,4,2,8,0.5,128,64,32,32,64,32,16,8,32,2,0.578022,1.16934,2.023,0
2,sm_89,4096,16384,2048,32,4,2,8,0.5,128,64,32,32,64,32,16,8,32,2,1.22144,2.15596,1.7651,0
2,sm_89,4096,256,4096,32,4,2,8,0.5,128,64,32,32,64,32,16,8,32,2,0.0746116,0.126405,1.69417,0
2,sm_89,4096,512,4096,32,4,2,8,0.5,128,64,32,32,64,32,16,8,32,2,0.106213,0.174189,1.64,0
2,sm_89,4096,1024,4096,32,4,2,8,0.5,128,64,32,32,64,32,16,8,32,2,0.169714,0.316347,1.864,0
2,sm_89,4096,2048,4096,32,4,2,8,0.5,128,64,32,32,64,32,16,8,32,2,0.293824,0.572109,1.94711,0
2,sm_89,4096,4096,4096,32,4,2,8,0.5,128,64,32,32,64,32,16,8,32,2,0.570439,1.10315,1.93387,0
2,sm_89,4096,8192,4096,32,4,2,8,0.5,128,64,32,32,64,32,16,8,32,2,1.17477,2.39595,2.03951,0
2,sm_89,4096,16384,4096,32,4,2,8,0.5,128,64,32,32,64,32,16,8,32,2,2.43133,4.78873,1.96959,0
2,sm_89,4096,256,8192,32,4,2,8,0.5,128,64,32,32,64,32,16,8,32,2,0.145408,0.238084,1.63735,0
2,sm_89,4096,512,8192,32,4,2,8,0.5,128,64,32,32,64,32,16,8,32,2,0.201324,0.356745,1.77199,0
2,sm_89,4096,1024,8192,32,4,2,8,0.5,128,64,32,32,64,32,16,8,32,2,0.331974,0.621085,1.87088,0
2,sm_89,4096,2048,8192,32,4,2,8,0.5,128,64,32,32,64,32,16,8,32,2,0.568246,1.0897,1.91766,0
2,sm_89,4096,4096,8192,32,4,2,8,0.5,128,64,32,32,64,32,16,8,32,2,1.13152,2.11304,1.86744,0
2,sm_89,4096,8192,8192,32,4,2,8,0.5,128,64,32,32,64,32,16,8,32,2,2.32878,4.69799,2.01736,0
2,sm_89,4096,16384,8192,32,4,2,8,0.5,128,64,32,32,64,32,16,8,32,2,4.73831,9.33615,1.97036,0
2,sm_89,4096,256,16384,32,4,2,8,0.5,128,64,32,32,64,32,16,8,32,2,0.282781,0.443707,1.56908,0
2,sm_89,4096,512,16384,32,4,2,8,0.5,128,64,32,32,64,32,16,8,32,2,0.400591,0.689913,1.72224,0
2,sm_89,4096,1024,16384,32,4,2,8,0.5,128,64,32,32,64,32,16,8,32,2,0.641206,1.22783,1.91488,0
2,sm_89,4096,2048,16384,32,4,2,8,0.5,128,64,32,32,64,32,16,8,32,2,1.11658,2.1249,1.90304,0
2,sm_89,4096,4096,16384,32,4,2,8,0.5,128,64,32,32,64,32,16,8,32,2,2.29713,4.12756,1.79683,0
2,sm_89,4096,8192,16384,32,4,2,8,0.5,128,64,32,32,64,32,16,8,32,2,4.64858,8.09934,1.74233,0
2,sm_89,4096,16384,16384,32,4,2,8,0.5,128,64,32,32,64,32,16,8,32,2,9.39456,16.1894,1.72327,0
2,sm_89,8192,256,256,32,4,2,8,0.5,128,64,32,32,64,32,16,8,32,2,0.00946979,0.0179106,1.89134,0
2,sm_89,8192,512,256,32,4,2,8,0.5,128,64,32,32,64,32,16,8,32,2,0.0163358,0.0274149,1.67822,0
2,sm_89,8192,1024,256,32,4,2,8,0.5,128,64,32,32,64,32,16,8,32,2,0.0281654,0.0484819,1.72133,0
2,sm_89,8192,2048,256,32,4,2,8,0.5,128,64,32,32,64,32,16,8,32,2,0.0497489,0.0901285,1.81167,0
2,sm_89,8192,4096,256,32,4,2,8,0.5,128,64,32,32,64,32,16,8,32,2,0.0907833,0.17175,1.89186,0
2,sm_89,8192,8192,256,32,4,2,8,0.5,128,64,32,32,64,32,16,8,32,2,0.179229,0.340397,1.89923,0
2,sm_89,8192,16384,256,32,4,2,8,0.5,128,64,32,32,64,32,16,8,32,2,0.351751,0.69017,1.9621,0
2,sm_89,8192,256,512,32,4,2,8,0.5,128,64,32,32,64,32,16,8,32,2,0.0218871,0.0319213,1.45845,0
2,sm_89,8192,512,512,32,4,2,8,0.5,128,64,32,32,64,32,16,8,32,2,0.0314564,0.0515306,1.63816,0
2,sm_89,8192,1024,512,32,4,2,8,0.5,128,64,32,32,64,32,16,8,32,2,0.0464432,0.0923917,1.98935,0
2,sm_89,8192,2048,512,32,4,2,8,0.5,128,64,32,32,64,32,16,8,32,2,0.0829576,0.184378,2.22256,0
2,sm_89,8192,4096,512,32,4,2,8,0.5,128,64,32,32,64,32,16,8,32,2,0.159008,0.322204,2.02634,0
2,sm_89,8192,8192,512,32,4,2,8,0.5,128,64,32,32,64,32,16,8,32,2,0.314066,0.6344,2.01996,0
2,sm_89,8192,16384,512,32,4,2,8,0.5,128,64,32,32,64,32,16,8,32,2,0.621423,1.18714,1.91035,0
2,sm_89,8192,256,1024,32,4,2,8,0.5,128,64,32,32,64,32,16,8,32,2,0.0397656,0.0540559,1.35936,0
2,sm_89,8192,512,1024,32,4,2,8,0.5,128,64,32,32,64,32,16,8,32,2,0.0577812,0.0934503,1.61731,0
2,sm_89,8192,1024,1024,32,4,2,8,0.5,128,64,32,32,64,32,16,8,32,2,0.0851372,0.164968,1.93767,0
2,sm_89,8192,2048,1024,32,4,2,8,0.5,128,64,32,32,64,32,16,8,32,2,0.15477,0.358621,2.31712,0
2,sm_89,8192,4096,1024,32,4,2,8,0.5,128,64,32,32,64,32,16,8,32,2,0.295804,0.561622,1.89863,0
2,sm_89,8192,8192,1024,32,4,2,8,0.5,128,64,32,32,64,32,16,8,32,2,0.596295,1.17926,1.97764,0
2,sm_89,8192,16384,1024,32,4,2,8,0.5,128,64,32,32,64,32,16,8,32,2,1.19667,2.34716,1.9614,0
2,sm_89,8192,256,2048,32,4,2,8,0.5,128,64,32,32,64,32,16,8,32,2,0.0761036,0.0952413,1.25147,0
2,sm_89,8192,512,2048,32,4,2,8,0.5,128,64,32,32,64,32,16,8,32,2,0.111496,0.185899,1.66731,0
2,sm_89,8192,1024,2048,32,4,2,8,0.5,128,64,32,32,64,32,16,8,32,2,0.161648,0.308152,1.90631,0
2,sm_89,8192,2048,2048,32,4,2,8,0.5,128,64,32,32,64,32,16,8,32,2,0.298344,0.591974,1.9842,0
2,sm_89,8192,4096,2048,32,4,2,8,0.5,128,64,32,32,64,32,16,8,32,2,0.576787,1.10159,1.90988,0
2,sm_89,8192,8192,2048,32,4,2,8,0.5,128,64,32,32,64,32,16,8,32,2,1.19663,2.12475,1.77562,0
2,sm_89,8192,16384,2048,32,4,2,8,0.5,128,64,32,32,64,32,16,8,32,2,2.36583,4.16267,1.75949,0
2,sm_89,8192,256,4096,32,4,2,8,0.5,128,64,32,32,64,32,16,8,32,2,0.145152,0.234679,1.61678,0
2,sm_89,8192,512,4096,32,4,2,8,0.5,128,64,32,32,64,32,16,8,32,2,0.217738,0.351196,1.61293,0
2,sm_89,8192,1024,4096,32,4,2,8,0.5,128,64,32,32,64,32,16,8,32,2,0.323149,0.615023,1.90322,0
2,sm_89,8192,2048,4096,32,4,2,8,0.5,128,64,32,32,64,32,16,8,32,2,0.602166,1.20059,1.99378,0
2,sm_89,8192,4096,4096,32,4,2,8,0.5,128,64,32,32,64,32,16,8,32,2,1.19457,2.37591,1.98893,0
2,sm_89,8192,8192,4096,32,4,2,8,0.5,128,64,32,32,64,32,16,8,32,2,2.42807,4.70812,1.93904,0
2,sm_89,8192,16384,4096,32,4,2,8,0.5,128,64,32,32,64,32,16,8,32,2,4.8221,9.35486,1.93999,0
2,sm_89,8192,256,8192,32,4,2,8,0.5,128,64,32,32,64,32,16,8,32,2,0.28605,0.443071,1.54893,0
2,sm_89,8192,512,8192,32,4,2,8,0.5,128,64,32,32,64,32,16,8,32,2,0.422261,0.686522,1.62583,0
2,sm_89,8192,1024,8192,32,4,2,8,0.5,128,64,32,32,64,32,16,8,32,2,0.62968,1.22583,1.94674,0
2,sm_89,8192,2048,8192,32,4,2,8,0.5,128,64,32,32,64,32,16,8,32,2,1.22913,2.15517,1.75341,0
2,sm_89,8192,4096,8192,32,4,2,8,0.5,128,64,32,32,64,32,16,8,32,2,2.46477,4.21107,1.7085,0
2,sm_89,8192,8192,8192,32,4,2,8,0.5,128,64,32,32,64,32,16,8,32,2,4.95841,9.28259,1.87209,0
2,sm_89,8192,16384,8192,32,4,2,8,0.5,128,64,32,32,64,32,16,8,32,2,9.96626,18.6493,1.87125,0
2,sm_89,8192,256,16384,32,4,2,8,0.5,128,64,32,32,64,32,16,8,32,2,0.559294,0.806056,1.4412,0
2,sm_89,8192,512,16384,32,4,2,8,0.5,128,64,32,32,64,32,16,8,32,2,0.830315,1.34508,1.61997,0
2,sm_89,8192,1024,16384,32,4,2,8,0.5,128,64,32,32,64,32,16,8,32,2,1.24595,2.43424,1.95371,0
2,sm_89,8192,2048,16384,32,4,2,8,0.5,128,64,32,32,64,32,16,8,32,2,2.45052,4.16908,1.7013,0
2,sm_89,8192,4096,16384,32,4,2,8,0.5,128,64,32,32,64,32,16,8,32,2,4.90477,8.30468,1.69319,0
2,sm_89,8192,8192,16384,32,4,2,8,0.5,128,64,32,32,64,32,16,8,32,2,9.80982,16.0497,1.63609,0
2,sm_89,8192,16384,16384,32,4,2,8,0.5,128,64,32,32,64,32,16,8,32,2,20.0231,32.0113,1.59872,0
2,sm_89,16384,256,256,32,4,2,8,0.5,128,64,32,32,64,32,16,8,32,2,0.024233,0.0349918,1.44397,0
2,sm_89,16384,512,256,32,4,2,8,0.5,128,64,32,32,64,32,16,8,32,2,0.0340951,0.0543949,1.59539,0
2,sm_89,16384,1024,256,32,4,2,8,0.5,128,64,32,32,64,32,16,8,32,2,0.0550772,0.0952302,1.72903,0
2,sm_89,16384,2048,256,32,4,2,8,0.5,128,64,32,32,64,32,16,8,32,2,0.0961538,0.191685,1.99352,0
2,sm_89,16384,4096,256,32,4,2,8,0.5,128,64,32,32,64,32,16,8,32,2,0.176551,0.336003,1.90315,0
2,sm_89,16384,8192,256,32,4,2,8,0.5,128,64,32,32,64,32,16,8,32,2,0.347142,0.641974,1.84931,0
2,sm_89,16384,16384,256,32,4,2,8,0.5,128,64,32,32,64,32,16,8,32,2,0.684227,1.28266,1.87461,0
2,sm_89,16384,256,512,32,4,2,8,0.5,128,64,32,32,64,32,16,8,32,2,0.0442722,0.0572237,1.29254,0
2,sm_89,16384,512,512,32,4,2,8,0.5,128,64,32,32,64,32,16,8,32,2,0.0613379,0.0930356,1.51677,0
2,sm_89,16384,1024,512,32,4,2,8,0.5,128,64,32,32,64,32,16,8,32,2,0.0989625,0.165841,1.67579,0
2,sm_89,16384,2048,512,32,4,2,8,0.5,128,64,32,32,64,32,16,8,32,2,0.174948,0.32397,1.8518,0
2,sm_89,16384,4096,512,32,4,2,8,0.5,128,64,32,32,64,32,16,8,32,2,0.321591,0.615849,1.91501,0
2,sm_89,16384,8192,512,32,4,2,8,0.5,128,64,32,32,64,32,16,8,32,2,0.632658,1.20073,1.89791,0
2,sm_89,16384,16384,512,32,4,2,8,0.5,128,64,32,32,64,32,16,8,32,2,1.25814,2.36706,1.88139,0
2,sm_89,16384,256,1024,32,4,2,8,0.5,128,64,32,32,64,32,16,8,32,2,0.0833688,0.125789,1.50882,0
2,sm_89,16384,512,1024,32,4,2,8,0.5,128,64,32,32,64,32,16,8,32,2,0.11794,0.186272,1.57937,0
2,sm_89,16384,1024,1024,32,4,2,8,0.5,128,64,32,32,64,32,16,8,32,2,0.188868,0.307249,1.62679,0
2,sm_89,16384,2048,1024,32,4,2,8,0.5,128,64,32,32,64,32,16,8,32,2,0.339428,0.563657,1.66061,0
2,sm_89,16384,4096,1024,32,4,2,8,0.5,128,64,32,32,64,32,16,8,32,2,0.651089,1.19899,1.84152,0
2,sm_89,16384,8192,1024,32,4,2,8,0.5,128,64,32,32,64,32,16,8,32,2,1.29437,2.14678,1.65855,0
2,sm_89,16384,16384,1024,32,4,2,8,0.5,128,64,32,32,64,32,16,8,32,2,2.58376,4.28481,1.65836,0
2,sm_89,16384,256,2048,32,4,2,8,0.5,128,64,32,32,64,32,16,8,32,2,0.161499,0.186475,1.15465,0
2,sm_89,16384,512,2048,32,4,2,8,0.5,128,64,32,32,64,32,16,8,32,2,0.229578,0.352616,1.53593,0
2,sm_89,16384,1024,2048,32,4,2,8,0.5,128,64,32,32,64,32,16,8,32,2,0.372476,0.586878,1.57561,0
2,sm_89,16384,2048,2048,32,4,2,8,0.5,128,64,32,32,64,32,16,8,32,2,0.678895,1.14792,1.69087,0
2,sm_89,16384,4096,2048,32,4,2,8,0.5,128,64,32,32,64,32,16,8,32,2,1.29415,2.13887,1.65271,0
2,sm_89,16384,8192,2048,32,4,2,8,0.5,128,64,32,32,64,32,16,8,32,2,2.55478,4.12815,1.61586,0
2,sm_89,16384,16384,2048,32,4,2,8,0.5,128,64,32,32,64,32,16,8,32,2,5.48872,8.14294,1.48358,0
2,sm_89,16384,256,4096,32,4,2,8,0.5,128,64,32,32,64,32,16,8,32,2,0.321327,0.447388,1.39231,0
2,sm_89,16384,512,4096,32,4,2,8,0.5,128,64,32,32,64,32,16,8,32,2,0.455332,0.672787,1.47757,0
2,sm_89,16384,1024,4096,32,4,2,8,0.5,128,64,32,32,64,32,16,8,32,2,0.752208,1.23481,1.64158,0
2,sm_89,16384,2048,4096,32,4,2,8,0.5,128,64,32,32,64,32,16,8,32,2,1.45537,2.11087,1.4504,0
2,sm_89,16384,4096,4096,32,4,2,8,0.5,128,64,32,32,64,32,16,8,32,2,2.71054,4.11677,1.5188,0
2,sm_89,16384,8192,4096,32,4,2,8,0.5,128,64,32,32,64,32,16,8,32,2,6.29035,8.27359,1.31528,0
2,sm_89,16384,16384,4096,32,4,2,8,0.5,128,64,32,32,64,32,16,8,32,2,12.5403,16.1866,1.29077,0
2,sm_89,16384,256,8192,32,4,2,8,0.5,128,64,32,32,64,32,16,8,32,2,0.639596,0.794103,1.24157,0
2,sm_89,16384,512,8192,32,4,2,8,0.5,128,64,32,32,64,32,16,8,32,2,0.91984,1.31751,1.43233,0
2,sm_89,16384,1024,8192,32,4,2,8,0.5,128,64,32,32,64,32,16,8,32,2,1.4786,2.23003,1.50821,0
2,sm_89,16384,2048,8192,32,4,2,8,0.5,128,64,32,32,64,32,16,8,32,2,2.79425,4.24903,1.52063,0
2,sm_89,16384,4096,8192,32,4,2,8,0.5,128,64,32,32,64,32,16,8,32,2,5.24634,8.30549,1.5831,0
2,sm_89,16384,8192,8192,32,4,2,8,0.5,128,64,32,32,64,32,16,8,32,2,12.4024,16.3466,1.31802,0
2,sm_89,16384,16384,8192,32,4,2,8,0.5,128,64,32,32,64,32,16,8,32,2,28.0325,32.0081,1.14182,0
2,sm_89,16384,256,16384,32,4,2,8,0.5,128,64,32,32,64,32,16,8,32,2,1.2843,1.51518,1.17977,0
2,sm_89,16384,512,16384,32,4,2,8,0.5,128,64,32,32,64,32,16,8,32,2,1.84202,2.63197,1.42885,0
2,sm_89,16384,1024,16384,32,4,2,8,0.5,128,64,32,32,64,32,16,8,32,2,2.94064,4.452,1.51395,0
2,sm_89,16384,2048,16384,32,4,2,8,0.5,128,64,32,32,64,32,16,8,32,2,5.53138,8.44178,1.52616,0
2,sm_89,16384,4096,16384,32,4,2,8,0.5,128,64,32,32,64,32,16,8,32,2,10.4557,16.5582,1.58366,0
2,sm_89,16384,8192,16384,32,4,2,8,0.5,128,64,32,32,64,32,16,8,32,2,21.0596,32.9405,1.56415,0
2,sm_89,16384,16384,16384,32,4,2,8,0.5,128,64,32,32,64,32,16,8,32,2,50.5711,63.9778,1.26511,0
